0.1      0.1      0.1      0        
0.1      0.1      0.1      0        
0.1      0.1      0.1      0        
0.1      0.1      0.1      -0       
0.1      0.1      0.1      -0       
0.1      0.1      0.1      -0       
0.1      0.1      0.1      -0       
0.1      0.1      0.1      -0       
0.1      0.1      0.1      -0       
0.1      0.1      0.1      -0       
0.1      0.1      0.1      -0       
0.1      0.1      0.1      -0       
0.1      0.1      0.1      -0       
0.1      0.1      0.1      -0       
0.1      0.1      0.1      -0       
0.1      0.1      0.1      -0       
0.1      0.1      0.1      -0       
0.1      0.1      0.1      -0       
0.099999927 0.1      0.1      -0       
0.10000096 0.1      0.1      -0       
0.099994801 0.1      0.1      -0       
0.10000074 0.1      0.1      -0       
0.10011748 0.1      0.1      -0       
0.14692494 0.1      0.1      -0       
0.14689006 0.099999994 0.1      -0       
0.14696521 0.10000008 0.1      -0       
0.14711243 0.10000078 0.1      -0       
0.14694043 0.099999823 0.1      -0       
0.1470412 0.099997289 0.1      -0       
0.14710601 0.10000126 0.1      -0       
0.14695187 0.10000096 0.1      -0       
0.14705223 0.14404032 0.1      -0       
0.14712702 0.14578223 0.1      -0       
0.14697991 0.14693439 0.1      -5.3249342e-044 
0.1470142 0.1468522 0.10000004 -3.4688345e-039 
0.14713994 0.14695224 0.099999994 -2.919383e-033 
0.14703077 0.1469169 0.099999703 -1.4654982e-027 
0.14700806 0.14685619 0.10000062 -6.0128552e-024 
0.14711379 0.14703079 0.099999808 -6.5845455e-021 
0.14706634 0.14690188 0.099999018 -1.316532e-018 
0.14701489 0.15551719 0.10000089 -1.0220521e-016 
0.14707118 0.16947073 0.099983983 -2.804261e-015 
0.14710091 0.16548465 0.10283991 -1.5988635e-014 
0.14703377 0.16626307 0.1385337 -5.6357103e-014 
0.14704451 0.17052437 0.13463986 -2.9895636e-013 
0.147101 0.16824999 0.13431691 -4.3851502e-012 
0.14704983 0.16776098 0.13380298 -1.521513e-011 
0.1466233 0.17086007 0.13392562 -2.05465e-011 
0.14517508 0.1696779 0.13454026 -2.3506407e-011 
0.14301567 0.16779999 0.13290831 -4.1776426e-011 
0.14072861 0.16733731 0.13304676 -6.9964944e-011 
0.15593916 0.16716878 0.13314329 -9.1168559e-011 
0.15430738 0.1667289 0.13389018 -2.5814303e-010 
0.15499595 0.16644113 0.13283645 -7.9400153e-010 
0.15358855 0.16630074 0.13266964 -1.831773e-008 
0.1501703 0.16463967 0.13245381 -8.2651235e-007 
0.15077592 0.16234203 0.13302708 -3.0133451e-006 
0.14867543 0.16042551 0.1325186 -7.598203e-007 
0.14512788 0.15851936 0.13221593 0.017266903 
0.14348273 0.15640292 0.13289337 0.020190548 
0.14071679 0.15421008 0.13501324 0.022227867 
0.13867764 0.15263657 0.13705587 0.022921739 
0.13801076 0.15050611 0.13865982 0.025494989 
0.13641755 0.14790688 0.14060126 0.023206238 
0.13458534 0.14515431 0.14255174 0.02290873 
0.13386549 0.14285456 0.14413442 0.021612162 
0.13261533 0.14030764 0.14513783 0.020299543 
0.13110556 0.13770245 0.14796086 0.016765177 
0.13001755 0.13518927 0.15163466 0.0134272 
0.12916823 0.13294731 0.15488538 0.012030366 
0.12781635 0.13056915 0.15723181 0.011336654 
0.12625328 0.12824996 0.15971911 0.01030832 
0.12493215 0.12605138 0.16199106 0.0095567405 
0.12318072 0.12416913 0.16276029 0.01033317 
0.12127598 0.12226316 0.16389088 0.011784866 
0.11954328 0.12069026 0.16522053 0.011309989 
0.11818144 0.1198326 0.16612673 0.011973854 
0.11651335 0.12034903 0.16621543 0.012635102 
0.11478297 0.12155671 0.16565292 0.010640381 
0.11326109 0.1238857 0.16505678 0.0091854287 
0.1120688 0.13059984 0.16303571 0.0070496183 
0.1108292 0.13447541 0.16112703 0.0039168699 
0.10974441 0.13616283 0.15983063 0.00074719416 
0.10904948 0.13680476 0.15830724 1.9675354e-005 
0.10880288 0.13700479 0.15628102 -1.699597e-006 
0.10867196 0.13649656 0.15458371 -1.5918688e-007 
0.10930564 0.13583738 0.1532536 2.3959735e-006 
0.11167929 0.13505974 0.15188582 4.9065434e-006 
0.11877448 0.1336761 0.15035358 5.3759873e-006 
0.12881067 0.13222453 0.14915377 1.2467024e-005 
0.1306147 0.13096866 0.14811751 3.2577336e-005 
0.13198939 0.12947392 0.14681663 0.00034703565 
0.13259867 0.12802154 0.14559969 0.0024849535 
0.13275002 0.12729667 0.14448784 0.0032206848 
0.13246302 0.12698458 0.14330456 0.0020756233 
0.13211019 0.12658793 0.14173341 0.0015835066 
0.13146222 0.12627843 0.14031948 0.00075738976 
0.13062878 0.12625456 0.13924909 6.2755673e-005 
0.12964953 0.12609969 0.13841085 3.0316487e-006 
0.12875389 0.12564926 0.13750324 -8.5067876e-007 
0.12813704 0.12530807 0.13690288 -5.0627534e-007 
