0 10
0.0014142 10
0.0028284 10
0.0042426 10
0.0056569 10
0.0070711 10
0.0084853 10
0.0098995 10
0.011314 10
0.012728 10
0.014142 10
0.015556 10
0.016971 10
0.018385 10
0.019799 10
0.021213 10
0.022627 10
0.024042 10
0.025456 10
0.02687 10
0.028284 10
0.029698 10
0.031113 10
0.032527 10
0.033941 10
0.035355 10
0.03677 10
0.038184 10
0.039598 10
0.041012 10
0.042426 10
0.043841 10
0.045255 10
0.046669 10
0.048083 10
0.049497 10
0.050912 10
0.052326 10
0.05374 10
0.055154 10
0.056569 10
0.057983 10
0.059397 10
0.060811 10
0.062225 10
0.06364 10
0.065054 10
0.066468 10
0.067882 10
0.069296 10
0.070711 10
0.072125 10
0.073539 10
0.074953 10
0.076368 10
0.077782 10
0.079196 10
0.08061 10
0.082024 10
0.083439 10
0.084853 10
0.086267 10
0.087681 10
0.089095 10
0.09051 10
0.091924 10
0.093338 10
0.094752 10
0.096167 10
0.097581 10
0.098995 10
0.10041 10
0.10182 10
0.10324 10
0.10465 10
0.10607 10
0.10748 10
0.10889 10
0.11031 10
0.11172 10
0.11314 10
0.11455 10
0.11597 10
0.11738 10
0.11879 10
0.12021 10
0.12162 10
0.12304 10
0.12445 10
0.12587 10
0.12728 10
0.12869 10
0.13011 10
0.13152 10
0.13294 10
0.13435 10
0.13576 10
0.13718 10
0.13859 10
0.14001 10
0.14142 10
0.14284 10
0.14425 10
0.14566 10
0.14708 10
0.14849 10
0.14991 10
0.15132 10
0.15274 10
0.15415 10
0.15556 10
0.15698 10
0.15839 10
0.15981 10
0.16122 10
0.16263 10
0.16405 10
0.16546 10
0.16688 10
0.16829 10
0.16971 10
0.17112 10
0.17253 10
0.17395 10
0.17536 10
0.17678 10
0.17819 10
0.17961 10
0.18102 10
0.18243 10
0.18385 10
0.18526 10
0.18668 10
0.18809 10
0.1895 10
0.19092 10
0.19233 10
0.19375 10
0.19516 10
0.19658 10
0.19799 10
0.1994 10
0.20082 10
0.20223 10
0.20365 10
0.20506 10
0.20648 10
0.20789 10
0.2093 10
0.21072 10
0.21213 10
0.21355 10
0.21496 10
0.21637 10
0.21779 10
0.2192 10
0.22062 10
0.22203 10
0.22345 10
0.22486 10
0.22627 10
0.22769 10
0.2291 10
0.23052 10
0.23193 10
0.23335 10
0.23476 10
0.23617 10
0.23759 10
0.239 10
0.24042 10
0.24183 10
0.24324 10
0.24466 10
0.24607 10
0.24749 10
0.2489 10
0.25032 10
0.25173 10
0.25314 10
0.25456 10
0.25597 10
0.25739 10
0.2588 10
0.26022 10
0.26163 10
0.26304 10
0.26446 10
0.26587 10
0.26729 10
0.2687 10
0.27011 10
0.27153 10
0.27294 10
0.27436 10
0.27577 10
0.27719 10
0.2786 10
0.28001 10
0.28143 10
0.28284 10
0.28426 10
0.28567 10
0.28709 10
0.2885 10
0.28991 10
0.29133 10
0.29274 10
0.29416 10
0.29557 10
0.29698 10
0.2984 10
0.29981 10
0.30123 10
0.30264 10
0.30406 10
0.30547 10
0.30688 10
0.3083 10
0.30971 10
0.31113 10
0.31254 10
0.31396 10
0.31537 10
0.31678 10
0.3182 10
0.31961 10
0.32103 10
0.32244 10
0.32385 10
0.32527 10
0.32668 10
0.3281 10
0.32951 10
0.33093 10
0.33234 10
0.33375 10
0.33517 10
0.33658 10
0.338 10
0.33941 10
0.34083 10
0.34224 10.001
0.34365 10.001
0.34507 10.002
0.34648 10.004
0.3479 10.007
0.34931 10.011
0.35072 10.019
0.35214 10.033
0.35355 10.057
0.35497 10.098
0.35638 10.165
0.3578 10.277
0.35921 10.455
0.36062 10.727
0.36204 11.122
0.36345 11.654
0.36487 12.313
0.36628 13.053
0.3677 13.795
0.36911 14.446
0.37052 14.931
0.37194 15.21
0.37335 15.292
0.37477 15.222
0.37618 15.064
0.3776 14.879
0.37901 14.713
0.38042 14.593
0.38184 14.525
0.38325 14.507
0.38467 14.526
0.38608 14.567
0.38749 14.616
0.38891 14.662
0.39032 14.697
0.39174 14.719
0.39315 14.726
0.39457 14.723
0.39598 14.713
0.39739 14.701
0.39881 14.689
0.40022 14.679
0.40164 14.674
0.40305 14.671
0.40447 14.672
0.40588 14.675
0.40729 14.678
0.40871 14.682
0.41012 14.684
0.41154 14.686
0.41295 14.687
0.41436 14.687
0.41578 14.687
0.41719 14.686
0.41861 14.685
0.42002 14.685
0.42144 14.684
0.42285 14.684
0.42426 14.684
0.42568 14.685
0.42709 14.685
0.42851 14.685
0.42992 14.686
0.43134 14.686
0.43275 14.686
0.43416 14.686
0.43558 14.686
0.43699 14.686
0.43841 14.686
0.43982 14.686
0.44123 14.686
0.44265 14.687
0.44406 14.687
0.44548 14.687
0.44689 14.687
0.44831 14.687
0.44972 14.687
0.45113 14.687
0.45255 14.687
0.45396 14.687
0.45538 14.688
0.45679 14.688
0.45821 14.688
0.45962 14.688
0.46103 14.688
0.46245 14.688
0.46386 14.688
0.46528 14.688
0.46669 14.688
0.4681 14.688
0.46952 14.688
0.47093 14.688
0.47235 14.688
0.47376 14.689
0.47518 14.689
0.47659 14.689
0.478 14.689
0.47942 14.689
0.48083 14.689
0.48225 14.689
0.48366 14.689
0.48508 14.689
0.48649 14.689
0.4879 14.689
0.48932 14.689
0.49073 14.689
0.49215 14.689
0.49356 14.69
0.49497 14.69
0.49639 14.69
0.4978 14.69
0.49922 14.69
0.50063 14.69
0.50205 14.69
0.50346 14.69
0.50487 14.69
0.50629 14.69
0.5077 14.69
0.50912 14.69
0.51053 14.69
0.51195 14.69
0.51336 14.69
0.51477 14.69
0.51619 14.69
0.5176 14.691
0.51902 14.691
0.52043 14.691
0.52184 14.691
0.52326 14.691
0.52467 14.691
0.52609 14.691
0.5275 14.691
0.52892 14.691
0.53033 14.691
0.53174 14.691
0.53316 14.691
0.53457 14.691
0.53599 14.691
0.5374 14.691
0.53882 14.691
0.54023 14.691
0.54164 14.691
0.54306 14.691
0.54447 14.691
0.54589 14.691
0.5473 14.692
0.54871 14.692
0.55013 14.692
0.55154 14.692
0.55296 14.692
0.55437 14.692
0.55579 14.692
0.5572 14.692
0.55861 14.692
0.56003 14.692
0.56144 14.692
0.56286 14.692
0.56427 14.692
0.56569 14.692
0.5671 14.692
0.56851 14.692
0.56993 14.692
0.57134 14.692
0.57276 14.692
0.57417 14.692
0.57558 14.692
0.577 14.692
0.57841 14.692
0.57983 14.692
0.58124 14.692
0.58266 14.693
0.58407 14.693
0.58548 14.693
0.5869 14.693
0.58831 14.693
0.58973 14.693
0.59114 14.693
0.59256 14.693
0.59397 14.693
0.59538 14.693
0.5968 14.693
0.59821 14.693
0.59963 14.693
0.60104 14.693
0.60245 14.693
0.60387 14.693
0.60528 14.693
0.6067 14.693
0.60811 14.693
0.60953 14.693
0.61094 14.693
0.61235 14.693
0.61377 14.693
0.61518 14.693
0.6166 14.693
0.61801 14.693
0.61943 14.693
0.62084 14.693
0.62225 14.693
0.62367 14.693
0.62508 14.693
0.6265 14.693
0.62791 14.694
0.62933 14.694
0.63074 14.694
0.63215 14.694
0.63357 14.694
0.63498 14.694
0.6364 14.694
0.63781 14.694
0.63922 14.694
0.64064 14.694
0.64205 14.694
0.64347 14.694
0.64488 14.694
0.6463 14.694
0.64771 14.694
0.64912 14.694
0.65054 14.694
0.65195 14.694
0.65337 14.694
0.65478 14.694
0.6562 14.694
0.65761 14.694
0.65902 14.694
0.66044 14.694
0.66185 14.694
0.66327 14.694
0.66468 14.694
0.66609 14.694
0.66751 14.694
0.66892 14.694
0.67034 14.694
0.67175 14.694
0.67317 14.694
0.67458 14.694
0.67599 14.694
0.67741 14.694
0.67882 14.694
0.68024 14.694
0.68165 14.694
0.68307 14.694
0.68448 14.694
0.68589 14.695
0.68731 14.695
0.68872 14.695
0.69014 14.695
0.69155 14.695
0.69296 14.695
0.69438 14.695
0.69579 14.695
0.69721 14.695
0.69862 14.695
0.70004 14.695
0.70145 14.695
0.70286 14.695
0.70428 14.695
0.70569 14.695
0.70711 14.695
0.70852 14.695
0.70994 14.695
0.71135 14.695
0.71276 14.695
0.71418 14.695
0.71559 14.695
0.71701 14.695
0.71842 14.695
0.71983 14.695
0.72125 14.695
0.72266 14.695
0.72408 14.695
0.72549 14.695
0.72691 14.695
0.72832 14.695
0.72973 14.695
0.73115 14.695
0.73256 14.695
0.73398 14.695
0.73539 14.695
0.73681 14.695
0.73822 14.695
0.73963 14.695
0.74105 14.695
0.74246 14.695
0.74388 14.695
0.74529 14.695
0.7467 14.695
0.74812 14.695
0.74953 14.695
0.75095 14.695
0.75236 14.695
0.75378 14.695
0.75519 14.695
0.7566 14.695
0.75802 14.695
0.75943 14.695
0.76085 14.695
0.76226 14.696
0.76368 14.696
0.76509 14.696
0.7665 14.696
0.76792 14.696
0.76933 14.696
0.77075 14.696
0.77216 14.696
0.77357 14.696
0.77499 14.696
0.7764 14.696
0.77782 14.696
0.77923 14.696
0.78065 14.696
0.78206 14.696
0.78347 14.696
0.78489 14.696
0.7863 14.696
0.78772 14.696
0.78913 14.696
0.79055 14.696
0.79196 14.696
0.79337 14.696
0.79479 14.696
0.7962 14.696
0.79762 14.696
0.79903 14.696
0.80044 14.696
0.80186 14.696
0.80327 14.696
0.80469 14.696
0.8061 14.696
0.80752 14.696
0.80893 14.696
0.81034 14.696
0.81176 14.696
0.81317 14.696
0.81459 14.696
0.816 14.696
0.81742 14.696
0.81883 14.696
0.82024 14.696
0.82166 14.696
0.82307 14.696
0.82449 14.696
0.8259 14.696
0.82731 14.696
0.82873 14.696
0.83014 14.696
0.83156 14.696
0.83297 14.696
0.83439 14.696
0.8358 14.696
0.83721 14.696
0.83863 14.696
0.84004 14.696
0.84146 14.696
0.84287 14.696
0.84429 14.696
0.8457 14.696
0.84711 14.696
0.84853 14.696
0.84994 14.696
0.85136 14.696
0.85277 14.696
0.85418 14.696
0.8556 14.696
0.85701 14.696
0.85843 14.696
0.85984 14.696
0.86126 14.696
0.86267 14.696
0.86408 14.696
0.8655 14.696
0.86691 14.696
0.86833 14.697
0.86974 14.697
0.87116 14.697
0.87257 14.697
0.87398 14.697
0.8754 14.697
0.87681 14.697
0.87823 14.697
0.87964 14.697
0.88106 14.697
0.88247 14.697
0.88388 14.697
0.8853 14.697
0.88671 14.697
0.88813 14.697
0.88954 14.697
0.89095 14.697
0.89237 14.697
0.89378 14.697
0.8952 14.697
0.89661 14.697
0.89803 14.697
0.89944 14.697
0.90085 14.697
0.90227 14.697
0.90368 14.697
0.9051 14.697
0.90651 14.697
0.90793 14.697
0.90934 14.697
0.91075 14.697
0.91217 14.697
0.91358 14.697
0.915 14.697
0.91641 14.697
0.91782 14.697
0.91924 14.697
0.92065 14.697
0.92207 14.697
0.92348 14.697
0.9249 14.697
0.92631 14.697
0.92772 14.697
0.92914 14.697
0.93055 14.697
0.93197 14.697
0.93338 14.697
0.9348 14.697
0.93621 14.697
0.93762 14.697
0.93904 14.697
0.94045 14.697
0.94187 14.697
0.94328 14.697
0.94469 14.697
0.94611 14.697
0.94752 14.697
0.94894 14.697
0.95035 14.697
0.95177 14.697
0.95318 14.697
0.95459 14.697
0.95601 14.697
0.95742 14.697
0.95884 14.697
0.96025 14.697
0.96167 14.697
0.96308 14.697
0.96449 14.697
0.96591 14.697
0.96732 14.697
0.96874 14.697
0.97015 14.697
0.97156 14.697
0.97298 14.697
0.97439 14.697
0.97581 14.697
0.97722 14.697
0.97864 14.697
0.98005 14.697
0.98146 14.697
0.98288 14.697
0.98429 14.697
0.98571 14.697
0.98712 14.697
0.98854 14.697
0.98995 14.697
0.99136 14.697
0.99278 14.697
0.99419 14.697
0.99561 14.697
0.99702 14.697
0.99843 14.697
0.99985 14.697
1.0013 14.697
1.0027 14.697
1.0041 14.697
1.0055 14.697
1.0069 14.697
1.0083 14.697
1.0097 14.697
1.0112 14.697
1.0126 14.697
1.014 14.697
1.0154 14.697
1.0168 14.697
1.0182 14.697
1.0196 14.697
1.0211 14.697
1.0225 14.698
1.0239 14.698
1.0253 14.698
1.0267 14.698
1.0281 14.698
1.0295 14.698
1.031 14.698
1.0324 14.698
1.0338 14.698
1.0352 14.698
1.0366 14.698
1.038 14.698
1.0394 14.698
1.0409 14.698
1.0423 14.698
1.0437 14.698
1.0451 14.698
1.0465 14.698
1.0479 14.698
1.0493 14.698
1.0508 14.698
1.0522 14.698
1.0536 14.698
1.055 14.698
1.0564 14.698
1.0578 14.698
1.0592 14.698
1.0607 14.698
1.0621 14.698
1.0635 14.698
1.0649 14.698
1.0663 14.698
1.0677 14.698
1.0691 14.698
1.0706 14.698
1.072 14.698
1.0734 14.698
1.0748 14.698
1.0762 14.698
1.0776 14.698
1.079 14.698
1.0805 14.698
1.0819 14.698
1.0833 14.698
1.0847 14.698
1.0861 14.698
1.0875 14.698
1.0889 14.698
1.0904 14.698
1.0918 14.698
1.0932 14.698
1.0946 14.698
1.096 14.698
1.0974 14.698
1.0988 14.698
1.1003 14.698
1.1017 14.698
1.1031 14.698
1.1045 14.698
1.1059 14.698
1.1073 14.698
1.1087 14.698
1.1102 14.698
1.1116 14.698
1.113 14.698
1.1144 14.698
1.1158 14.698
1.1172 14.698
1.1186 14.698
1.1201 14.698
1.1215 14.698
1.1229 14.698
1.1243 14.698
1.1257 14.698
1.1271 14.698
1.1285 14.698
1.13 14.698
1.1314 14.698
1.1328 14.698
1.1342 14.698
1.1356 14.698
1.137 14.698
1.1384 14.698
1.1399 14.698
1.1413 14.698
1.1427 14.698
1.1441 14.698
1.1455 14.698
1.1469 14.698
1.1483 14.698
1.1498 14.698
1.1512 14.698
1.1526 14.698
1.154 14.698
1.1554 14.698
1.1568 14.698
1.1582 14.698
1.1597 14.698
1.1611 14.698
1.1625 14.698
1.1639 14.698
1.1653 14.698
1.1667 14.698
1.1681 14.698
1.1696 14.698
1.171 14.698
1.1724 14.698
1.1738 14.698
1.1752 14.698
1.1766 14.698
1.178 14.698
1.1795 14.698
1.1809 14.698
1.1823 14.698
1.1837 14.698
1.1851 14.698
1.1865 14.698
1.1879 14.698
1.1894 14.698
1.1908 14.698
1.1922 14.698
1.1936 14.698
1.195 14.698
1.1964 14.698
1.1978 14.698
1.1993 14.698
1.2007 14.698
1.2021 14.698
1.2035 14.698
1.2049 14.698
1.2063 14.698
1.2077 14.698
1.2092 14.698
1.2106 14.698
1.212 14.698
1.2134 14.698
1.2148 14.698
1.2162 14.698
1.2176 14.698
1.2191 14.698
1.2205 14.698
1.2219 14.698
1.2233 14.698
1.2247 14.698
1.2261 14.698
1.2275 14.698
1.229 14.698
1.2304 14.698
1.2318 14.698
1.2332 14.698
1.2346 14.698
1.236 14.698
1.2374 14.698
1.2389 14.698
1.2403 14.698
1.2417 14.698
1.2431 14.698
1.2445 14.698
1.2459 14.698
1.2473 14.698
1.2488 14.698
1.2502 14.698
1.2516 14.698
1.253 14.698
1.2544 14.698
1.2558 14.698
1.2572 14.698
1.2587 14.698
1.2601 14.698
1.2615 14.699
1.2629 14.699
1.2643 14.699
1.2657 14.699
1.2671 14.699
1.2685 14.699
1.27 14.699
1.2714 14.699
1.2728 14.699
1.2742 14.699
1.2756 14.699
1.277 14.699
1.2784 14.699
1.2799 14.699
1.2813 14.699
1.2827 14.699
1.2841 14.699
1.2855 14.699
1.2869 14.699
1.2883 14.699
1.2898 14.699
1.2912 14.699
1.2926 14.699
1.294 14.699
1.2954 14.699
1.2968 14.699
1.2982 14.699
1.2997 14.699
1.3011 14.699
1.3025 14.699
1.3039 14.699
1.3053 14.699
1.3067 14.699
1.3081 14.699
1.3096 14.699
1.311 14.699
1.3124 14.699
1.3138 14.699
1.3152 14.699
1.3166 14.699
1.318 14.699
1.3195 14.699
1.3209 14.699
1.3223 14.699
1.3237 14.699
1.3251 14.699
1.3265 14.699
1.3279 14.699
1.3294 14.699
1.3308 14.699
1.3322 14.699
1.3336 14.699
1.335 14.699
1.3364 14.699
1.3378 14.699
1.3393 14.699
1.3407 14.699
1.3421 14.699
1.3435 14.699
1.3449 14.699
1.3463 14.699
1.3477 14.699
1.3492 14.699
1.3506 14.699
1.352 14.699
1.3534 14.699
1.3548 14.699
1.3562 14.699
1.3576 14.699
1.3591 14.699
1.3605 14.699
1.3619 14.699
1.3633 14.699
1.3647 14.699
1.3661 14.699
1.3675 14.699
1.369 14.699
1.3704 14.699
1.3718 14.699
1.3732 14.699
1.3746 14.699
1.376 14.699
1.3774 14.699
1.3789 14.699
1.3803 14.699
1.3817 14.699
1.3831 14.699
1.3845 14.699
1.3859 14.699
1.3873 14.699
1.3888 14.699
1.3902 14.699
1.3916 14.699
1.393 14.699
1.3944 14.699
1.3958 14.699
1.3972 14.699
1.3987 14.699
1.4001 14.699
1.4015 14.699
1.4029 14.699
1.4043 14.699
1.4057 14.699
1.4071 14.699
1.4086 14.699
1.41 14.699
1.4114 14.699
1.4128 14.699
1.4142 14.699
1.4156 14.699
1.417 14.699
1.4185 14.699
1.4199 14.699
1.4213 14.699
1.4227 14.699
1.4241 14.699
1.4255 14.699
1.4269 14.699
1.4284 14.699
1.4298 14.699
1.4312 14.699
1.4326 14.699
1.434 14.699
1.4354 14.699
1.4368 14.699
1.4383 14.699
1.4397 14.699
1.4411 14.699
1.4425 14.699
1.4439 14.699
1.4453 14.699
1.4467 14.699
1.4482 14.699
1.4496 14.699
1.451 14.699
1.4524 14.699
1.4538 14.699
1.4552 14.699
1.4566 14.699
1.4581 14.699
1.4595 14.699
1.4609 14.699
1.4623 14.699
1.4637 14.699
1.4651 14.699
1.4665 14.699
1.468 14.699
1.4694 14.699
1.4708 14.699
1.4722 14.699
1.4736 14.699
1.475 14.699
1.4764 14.699
1.4779 14.699
1.4793 14.699
1.4807 14.699
1.4821 14.699
1.4835 14.699
1.4849 14.699
1.4863 14.699
1.4878 14.699
1.4892 14.699
1.4906 14.699
1.492 14.699
1.4934 14.699
1.4948 14.699
1.4962 14.699
1.4977 14.699
1.4991 14.699
1.5005 14.699
1.5019 14.699
1.5033 14.699
1.5047 14.699
1.5061 14.699
1.5076 14.699
1.509 14.699
1.5104 14.699
1.5118 14.699
1.5132 14.699
1.5146 14.699
1.516 14.699
1.5175 14.699
1.5189 14.699
1.5203 14.699
1.5217 14.699
1.5231 14.699
1.5245 14.699
1.5259 14.699
1.5274 14.699
1.5288 14.699
1.5302 14.699
1.5316 14.699
1.533 14.699
1.5344 14.699
1.5358 14.699
1.5373 14.699
1.5387 14.699
1.5401 14.699
1.5415 14.699
1.5429 14.699
1.5443 14.699
1.5457 14.699
1.5471 14.699
1.5486 14.699
1.55 14.699
1.5514 14.699
1.5528 14.699
1.5542 14.699
1.5556 14.699
1.557 14.699
1.5585 14.699
1.5599 14.699
1.5613 14.699
1.5627 14.699
1.5641 14.699
1.5655 14.699
1.5669 14.699
1.5684 14.699
1.5698 14.699
1.5712 14.699
1.5726 14.699
1.574 14.699
1.5754 14.699
1.5768 14.699
1.5783 14.699
1.5797 14.699
1.5811 14.699
1.5825 14.699
1.5839 14.699
1.5853 14.699
1.5867 14.699
1.5882 14.699
1.5896 14.699
1.591 14.699
1.5924 14.699
1.5938 14.699
1.5952 14.699
1.5966 14.699
1.5981 14.699
1.5995 14.699
1.6009 14.699
1.6023 14.699
1.6037 14.699
1.6051 14.699
1.6065 14.699
1.608 14.699
1.6094 14.699
1.6108 14.699
1.6122 14.699
1.6136 14.699
1.615 14.699
1.6164 14.699
1.6179 14.699
1.6193 14.699
1.6207 14.699
1.6221 14.699
1.6235 14.699
1.6249 14.699
1.6263 14.699
1.6278 14.699
1.6292 14.699
1.6306 14.699
1.632 14.699
1.6334 14.699
1.6348 14.699
1.6362 14.699
1.6377 14.699
1.6391 14.699
1.6405 14.699
1.6419 14.699
1.6433 14.699
1.6447 14.699
1.6461 14.699
1.6476 14.699
1.649 14.699
1.6504 14.699
1.6518 14.699
1.6532 14.699
1.6546 14.699
1.656 14.699
1.6575 14.699
1.6589 14.699
1.6603 14.699
1.6617 14.699
1.6631 14.699
1.6645 14.699
1.6659 14.699
1.6674 14.699
1.6688 14.699
1.6702 14.699
1.6716 14.699
1.673 14.699
1.6744 14.699
1.6758 14.699
1.6773 14.699
1.6787 14.7
1.6801 14.7
1.6815 14.7
1.6829 14.7
1.6843 14.7
1.6857 14.7
1.6872 14.7
1.6886 14.7
1.69 14.7
1.6914 14.7
1.6928 14.7
1.6942 14.7
1.6956 14.7
1.6971 14.7
1.6985 14.7
1.6999 14.7
1.7013 14.7
1.7027 14.7
1.7041 14.7
1.7055 14.7
1.707 14.7
1.7084 14.7
1.7098 14.7
1.7112 14.7
1.7126 14.7
1.714 14.7
1.7154 14.7
1.7169 14.7
1.7183 14.7
1.7197 14.7
1.7211 14.7
1.7225 14.7
1.7239 14.7
1.7253 14.7
1.7268 14.7
1.7282 14.7
1.7296 14.7
1.731 14.7
1.7324 14.7
1.7338 14.7
1.7352 14.7
1.7367 14.7
1.7381 14.7
1.7395 14.7
1.7409 14.7
1.7423 14.7
1.7437 14.7
1.7451 14.7
1.7466 14.7
1.748 14.7
1.7494 14.7
1.7508 14.7
1.7522 14.7
1.7536 14.7
1.755 14.7
1.7565 14.7
1.7579 14.7
1.7593 14.7
1.7607 14.7
1.7621 14.7
1.7635 14.7
1.7649 14.7
1.7664 14.7
1.7678 14.7
1.7692 14.7
1.7706 14.7
1.772 14.7
1.7734 14.7
1.7748 14.7
1.7763 14.7
1.7777 14.7
1.7791 14.7
1.7805 14.7
1.7819 14.7
1.7833 14.7
1.7847 14.7
1.7862 14.7
1.7876 14.7
1.789 14.7
1.7904 14.7
1.7918 14.7
1.7932 14.7
1.7946 14.7
1.7961 14.7
1.7975 14.7
1.7989 14.7
1.8003 14.7
1.8017 14.7
1.8031 14.7
1.8045 14.7
1.806 14.7
1.8074 14.7
1.8088 14.7
1.8102 14.7
1.8116 14.7
1.813 14.7
1.8144 14.7
1.8159 14.7
1.8173 14.7
1.8187 14.7
1.8201 14.7
1.8215 14.7
1.8229 14.7
1.8243 14.7
1.8257 14.7
1.8272 14.7
1.8286 14.7
1.83 14.7
1.8314 14.7
1.8328 14.7
1.8342 14.7
1.8356 14.7
1.8371 14.7
1.8385 14.7
1.8399 14.7
1.8413 14.7
1.8427 14.7
1.8441 14.7
1.8455 14.7
1.847 14.7
1.8484 14.7
1.8498 14.7
1.8512 14.7
1.8526 14.7
1.854 14.7
1.8554 14.7
1.8569 14.7
1.8583 14.7
1.8597 14.7
1.8611 14.7
1.8625 14.7
1.8639 14.7
1.8653 14.7
1.8668 14.7
1.8682 14.7
1.8696 14.7
1.871 14.7
1.8724 14.7
1.8738 14.7
1.8752 14.7
1.8767 14.7
1.8781 14.7
1.8795 14.7
1.8809 14.7
1.8823 14.7
1.8837 14.7
1.8851 14.7
1.8866 14.7
1.888 14.7
1.8894 14.7
1.8908 14.7
1.8922 14.7
1.8936 14.7
1.895 14.7
1.8965 14.7
1.8979 14.7
1.8993 14.7
1.9007 14.7
1.9021 14.7
1.9035 14.7
1.9049 14.7
1.9064 14.7
1.9078 14.7
1.9092 14.7
1.9106 14.7
1.912 14.7
1.9134 14.7
1.9148 14.7
1.9163 14.7
1.9177 14.7
1.9191 14.7
1.9205 14.7
1.9219 14.7
1.9233 14.7
1.9247 14.7
1.9262 14.7
1.9276 14.7
1.929 14.7
1.9304 14.7
1.9318 14.7
1.9332 14.7
1.9346 14.7
1.9361 14.7
1.9375 14.7
1.9389 14.7
1.9403 14.7
1.9417 14.7
1.9431 14.7
1.9445 14.7
1.946 14.7
1.9474 14.7
1.9488 14.7
1.9502 14.7
1.9516 14.7
1.953 14.7
1.9544 14.7
1.9559 14.7
1.9573 14.7
1.9587 14.7
1.9601 14.7
1.9615 14.7
1.9629 14.7
1.9643 14.7
1.9658 14.7
1.9672 14.7
1.9686 14.7
1.97 14.7
1.9714 14.7
1.9728 14.7
1.9742 14.7
1.9757 14.7
1.9771 14.7
1.9785 14.7
1.9799 14.7
1.9813 14.7
1.9827 14.7
1.9841 14.7
1.9856 14.7
1.987 14.7
1.9884 14.7
1.9898 14.7
1.9912 14.7
1.9926 14.7
1.994 14.7
1.9955 14.7
1.9969 14.7
1.9983 14.7
1.9997 14.7
2.0011 14.7
2.0025 14.7
2.0039 14.7
2.0054 14.7
2.0068 14.7
2.0082 14.7
2.0096 14.7
2.011 14.7
2.0124 14.7
2.0138 14.7
2.0153 14.7
2.0167 14.7
2.0181 14.7
2.0195 14.7
2.0209 14.7
2.0223 14.7
2.0237 14.7
2.0252 14.7
2.0266 14.7
2.028 14.7
2.0294 14.7
2.0308 14.7
2.0322 14.7
2.0336 14.7
2.0351 14.7
2.0365 14.7
2.0379 14.7
2.0393 14.7
2.0407 14.7
2.0421 14.7
2.0435 14.7
2.045 14.7
2.0464 14.7
2.0478 14.7
2.0492 14.7
2.0506 14.7
2.052 14.7
2.0534 14.7
2.0549 14.7
2.0563 14.7
2.0577 14.7
2.0591 14.7
2.0605 14.7
2.0619 14.7
2.0633 14.7
2.0648 14.7
2.0662 14.7
2.0676 14.7
2.069 14.7
2.0704 14.7
2.0718 14.7
2.0732 14.7
2.0747 14.7
2.0761 14.7
2.0775 14.7
2.0789 14.7
2.0803 14.7
2.0817 14.7
2.0831 14.7
2.0846 14.7
2.086 14.7
2.0874 14.7
2.0888 14.7
2.0902 14.7
2.0916 14.7
2.093 14.7
2.0945 14.7
2.0959 14.7
2.0973 14.7
2.0987 14.7
2.1001 14.7
2.1015 14.7
2.1029 14.7
2.1043 14.7
2.1058 14.7
2.1072 14.7
2.1086 14.7
2.11 14.7
2.1114 14.7
2.1128 14.7
2.1142 14.7
2.1157 14.7
2.1171 14.7
2.1185 14.7
2.1199 14.7
2.1213 14.7
2.1227 14.7
2.1241 14.7
2.1256 14.7
2.127 14.7
2.1284 14.7
2.1298 14.7
2.1312 14.7
2.1326 14.7
2.134 14.7
2.1355 14.7
2.1369 14.7
2.1383 14.7
2.1397 14.7
2.1411 14.7
2.1425 14.7
2.1439 14.7
2.1454 14.7
2.1468 14.7
2.1482 14.7
2.1496 14.7
2.151 14.7
2.1524 14.7
2.1538 14.7
2.1553 14.7
2.1567 14.7
2.1581 14.7
2.1595 14.7
2.1609 14.7
2.1623 14.7
2.1637 14.7
2.1652 14.7
2.1666 14.7
2.168 14.7
2.1694 14.7
2.1708 14.7
2.1722 14.7
2.1736 14.7
2.1751 14.7
2.1765 14.7
2.1779 14.7
2.1793 14.7
2.1807 14.7
2.1821 14.7
2.1835 14.7
2.185 14.7
2.1864 14.7
2.1878 14.7
2.1892 14.7
2.1906 14.7
2.192 14.7
2.1934 14.7
2.1949 14.7
2.1963 14.7
2.1977 14.7
2.1991 14.7
2.2005 14.7
2.2019 14.7
2.2033 14.7
2.2048 14.7
2.2062 14.7
2.2076 14.7
2.209 14.7
2.2104 14.7
2.2118 14.7
2.2132 14.7
2.2147 14.7
2.2161 14.7
2.2175 14.7
2.2189 14.7
2.2203 14.7
2.2217 14.7
2.2231 14.7
2.2246 14.7
2.226 14.7
2.2274 14.7
2.2288 14.7
2.2302 14.7
2.2316 14.7
2.233 14.7
2.2345 14.7
2.2359 14.7
2.2373 14.7
2.2387 14.7
2.2401 14.7
2.2415 14.7
2.2429 14.7
2.2444 14.7
2.2458 14.7
2.2472 14.7
2.2486 14.7
2.25 14.7
2.2514 14.7
2.2528 14.7
2.2543 14.7
2.2557 14.7
2.2571 14.7
2.2585 14.7
2.2599 14.7
2.2613 14.7
2.2627 14.7
2.2642 14.7
2.2656 14.7
2.267 14.7
2.2684 14.7
2.2698 14.7
2.2712 14.7
2.2726 14.7
2.2741 14.7
2.2755 14.7
2.2769 14.7
2.2783 14.7
2.2797 14.7
2.2811 14.7
2.2825 14.7
2.284 14.7
2.2854 14.7
2.2868 14.7
2.2882 14.7
2.2896 14.7
2.291 14.7
2.2924 14.7
2.2939 14.7
2.2953 14.7
2.2967 14.7
2.2981 14.7
2.2995 14.7
2.3009 14.7
2.3023 14.7
2.3038 14.7
2.3052 14.7
2.3066 14.7
2.308 14.7
2.3094 14.7
2.3108 14.7
2.3122 14.7
2.3137 14.7
2.3151 14.7
2.3165 14.7
2.3179 14.7
2.3193 14.7
2.3207 14.7
2.3221 14.7
2.3236 14.7
2.325 14.7
2.3264 14.7
2.3278 14.7
2.3292 14.7
2.3306 14.7
2.332 14.7
2.3335 14.7
2.3349 14.7
2.3363 14.7
2.3377 14.7
2.3391 14.7
2.3405 14.7
2.3419 14.7
2.3434 14.7
2.3448 14.7
2.3462 14.7
2.3476 14.7
2.349 14.7
2.3504 14.7
2.3518 14.7
2.3533 14.7
2.3547 14.7
2.3561 14.7
2.3575 14.7
2.3589 14.7
2.3603 14.7
2.3617 14.7
2.3632 14.7
2.3646 14.7
2.366 14.7
2.3674 14.7
2.3688 14.7
2.3702 14.7
2.3716 14.7
2.3731 14.7
2.3745 14.7
2.3759 14.7
2.3773 14.7
2.3787 14.7
2.3801 14.7
2.3815 14.7
2.3829 14.7
2.3844 14.7
2.3858 14.7
2.3872 14.7
2.3886 14.7
2.39 14.7
2.3914 14.7
2.3928 14.7
2.3943 14.7
2.3957 14.7
2.3971 14.7
2.3985 14.7
2.3999 14.7
2.4013 14.7
2.4027 14.7
2.4042 14.7
2.4056 14.7
2.407 14.7
2.4084 14.7
2.4098 14.7
2.4112 14.7
2.4126 14.7
2.4141 14.7
2.4155 14.7
2.4169 14.7
2.4183 14.7
2.4197 14.7
2.4211 14.7
2.4225 14.7
2.424 14.7
2.4254 14.7
2.4268 14.7
2.4282 14.7
2.4296 14.7
2.431 14.7
2.4324 14.7
2.4339 14.7
2.4353 14.7
2.4367 14.7
2.4381 14.7
2.4395 14.7
2.4409 14.7
2.4423 14.7
2.4438 14.7
2.4452 14.7
2.4466 14.7
2.448 14.7
2.4494 14.7
2.4508 14.7
2.4522 14.7
2.4537 14.7
2.4551 14.7
2.4565 14.7
2.4579 14.7
2.4593 14.7
2.4607 14.7
2.4621 14.7
2.4636 14.7
2.465 14.7
2.4664 14.7
2.4678 14.7
2.4692 14.7
2.4706 14.7
2.472 14.7
2.4735 14.7
2.4749 14.7
2.4763 14.7
2.4777 14.7
2.4791 14.7
2.4805 14.7
2.4819 14.7
2.4834 14.7
2.4848 14.7
2.4862 14.7
2.4876 14.7
2.489 14.7
2.4904 14.7
2.4918 14.7
2.4933 14.7
2.4947 14.7
2.4961 14.7
2.4975 14.7
2.4989 14.7
2.5003 14.7
2.5017 14.7
2.5032 14.7
2.5046 14.7
2.506 14.7
2.5074 14.7
2.5088 14.7
2.5102 14.7
2.5116 14.7
2.5131 14.7
2.5145 14.7
2.5159 14.7
2.5173 14.7
2.5187 14.7
2.5201 14.7
2.5215 14.7
2.523 14.7
2.5244 14.7
2.5258 14.7
2.5272 14.7
2.5286 14.7
2.53 14.7
2.5314 14.7
2.5329 14.7
2.5343 14.7
2.5357 14.7
2.5371 14.7
2.5385 14.7
2.5399 14.7
2.5413 14.7
2.5428 14.7
2.5442 14.7
2.5456 14.7
2.547 14.7
2.5484 14.7
2.5498 14.7
2.5512 14.701
2.5527 14.701
2.5541 14.701
2.5555 14.701
2.5569 14.701
2.5583 14.701
2.5597 14.701
2.5611 14.701
2.5626 14.701
2.564 14.701
2.5654 14.701
2.5668 14.701
2.5682 14.701
2.5696 14.701
2.571 14.701
2.5725 14.701
2.5739 14.701
2.5753 14.701
2.5767 14.701
2.5781 14.701
2.5795 14.701
2.5809 14.701
2.5824 14.701
2.5838 14.701
2.5852 14.701
2.5866 14.701
2.588 14.701
2.5894 14.701
2.5908 14.701
2.5923 14.701
2.5937 14.701
2.5951 14.701
2.5965 14.701
2.5979 14.701
2.5993 14.701
2.6007 14.701
2.6022 14.701
2.6036 14.701
2.605 14.701
2.6064 14.701
2.6078 14.701
2.6092 14.701
2.6106 14.701
2.6121 14.701
2.6135 14.701
2.6149 14.701
2.6163 14.701
2.6177 14.701
2.6191 14.701
2.6205 14.701
2.622 14.701
2.6234 14.701
2.6248 14.701
2.6262 14.701
2.6276 14.701
2.629 14.701
2.6304 14.701
2.6319 14.701
2.6333 14.701
2.6347 14.701
2.6361 14.701
2.6375 14.701
2.6389 14.701
2.6403 14.701
2.6418 14.701
2.6432 14.701
2.6446 14.701
2.646 14.701
2.6474 14.701
2.6488 14.701
2.6502 14.701
2.6517 14.701
2.6531 14.701
2.6545 14.701
2.6559 14.701
2.6573 14.701
2.6587 14.701
2.6601 14.701
2.6615 14.701
2.663 14.701
2.6644 14.701
2.6658 14.701
2.6672 14.701
2.6686 14.701
2.67 14.701
2.6714 14.701
2.6729 14.701
2.6743 14.701
2.6757 14.701
2.6771 14.701
2.6785 14.701
2.6799 14.701
2.6813 14.701
2.6828 14.701
2.6842 14.701
2.6856 14.701
2.687 14.701
2.6884 14.701
2.6898 14.701
2.6912 14.701
2.6927 14.701
2.6941 14.701
2.6955 14.701
2.6969 14.701
2.6983 14.701
2.6997 14.701
2.7011 14.701
2.7026 14.701
2.704 14.701
2.7054 14.701
2.7068 14.701
2.7082 14.701
2.7096 14.701
2.711 14.701
2.7125 14.701
2.7139 14.701
2.7153 14.701
2.7167 14.701
2.7181 14.701
2.7195 14.701
2.7209 14.701
2.7224 14.701
2.7238 14.701
2.7252 14.701
2.7266 14.701
2.728 14.701
2.7294 14.701
2.7308 14.701
2.7323 14.701
2.7337 14.701
2.7351 14.701
2.7365 14.701
2.7379 14.701
2.7393 14.701
2.7407 14.701
2.7422 14.701
2.7436 14.701
2.745 14.701
2.7464 14.701
2.7478 14.701
2.7492 14.701
2.7506 14.701
2.7521 14.701
2.7535 14.701
2.7549 14.701
2.7563 14.701
2.7577 14.701
2.7591 14.701
2.7605 14.701
2.762 14.701
2.7634 14.701
2.7648 14.701
2.7662 14.701
2.7676 14.701
2.769 14.701
2.7704 14.701
2.7719 14.701
2.7733 14.701
2.7747 14.701
2.7761 14.701
2.7775 14.701
2.7789 14.701
2.7803 14.701
2.7818 14.701
2.7832 14.701
2.7846 14.701
2.786 14.701
2.7874 14.701
2.7888 14.701
2.7902 14.701
2.7917 14.701
2.7931 14.701
2.7945 14.701
2.7959 14.701
2.7973 14.701
2.7987 14.701
2.8001 14.701
2.8016 14.701
2.803 14.701
2.8044 14.701
2.8058 14.701
2.8072 14.701
2.8086 14.701
2.81 14.701
2.8115 14.701
2.8129 14.701
2.8143 14.701
2.8157 14.701
2.8171 14.701
2.8185 14.701
2.8199 14.701
2.8214 14.701
2.8228 14.701
2.8242 14.701
2.8256 14.701
2.827 14.701
2.8284 14.701
2.8298 14.701
2.8313 14.701
2.8327 14.701
2.8341 14.701
2.8355 14.701
2.8369 14.701
2.8383 14.7
2.8397 14.7
2.8412 14.7
2.8426 14.7
2.844 14.7
2.8454 14.7
2.8468 14.7
2.8482 14.7
2.8496 14.7
2.8511 14.7
2.8525 14.7
2.8539 14.7
2.8553 14.7
2.8567 14.7
2.8581 14.7
2.8595 14.7
2.861 14.7
2.8624 14.7
2.8638 14.699
2.8652 14.699
2.8666 14.699
2.868 14.699
2.8694 14.699
2.8709 14.699
2.8723 14.699
2.8737 14.698
2.8751 14.698
2.8765 14.698
2.8779 14.698
2.8793 14.698
2.8808 14.697
2.8822 14.697
2.8836 14.697
2.885 14.697
2.8864 14.696
2.8878 14.696
2.8892 14.695
2.8907 14.695
2.8921 14.695
2.8935 14.694
2.8949 14.694
2.8963 14.693
2.8977 14.693
2.8991 14.692
2.9006 14.691
2.902 14.691
2.9034 14.69
2.9048 14.689
2.9062 14.689
2.9076 14.688
2.909 14.687
2.9105 14.686
2.9119 14.685
2.9133 14.684
2.9147 14.683
2.9161 14.682
2.9175 14.681
2.9189 14.68
2.9204 14.679
2.9218 14.678
2.9232 14.676
2.9246 14.675
2.926 14.673
2.9274 14.672
2.9288 14.67
2.9303 14.669
2.9317 14.667
2.9331 14.666
2.9345 14.664
2.9359 14.662
2.9373 14.66
2.9387 14.658
2.9401 14.656
2.9416 14.654
2.943 14.652
2.9444 14.65
2.9458 14.647
2.9472 14.645
2.9486 14.643
2.95 14.64
2.9515 14.638
2.9529 14.635
2.9543 14.632
2.9557 14.63
2.9571 14.627
2.9585 14.624
2.9599 14.621
2.9614 14.618
2.9628 14.615
2.9642 14.612
2.9656 14.609
2.967 14.606
2.9684 14.602
2.9698 14.599
2.9713 14.596
2.9727 14.592
2.9741 14.589
2.9755 14.585
2.9769 14.581
2.9783 14.578
2.9797 14.574
2.9812 14.57
2.9826 14.566
2.984 14.562
2.9854 14.558
2.9868 14.554
2.9882 14.55
2.9896 14.546
2.9911 14.542
2.9925 14.538
2.9939 14.534
2.9953 14.53
2.9967 14.525
2.9981 14.521
2.9995 14.516
3.001 14.512
3.0024 14.508
3.0038 14.503
3.0052 14.499
3.0066 14.494
3.008 14.489
3.0094 14.485
3.0109 14.48
3.0123 14.475
3.0137 14.471
3.0151 14.466
3.0165 14.461
3.0179 14.456
3.0193 14.451
3.0208 14.447
3.0222 14.442
3.0236 14.437
3.025 14.432
3.0264 14.427
3.0278 14.422
3.0292 14.417
3.0307 14.412
3.0321 14.407
3.0335 14.402
3.0349 14.397
3.0363 14.392
3.0377 14.387
3.0391 14.382
3.0406 14.377
3.042 14.371
3.0434 14.366
3.0448 14.361
3.0462 14.356
3.0476 14.351
3.049 14.346
3.0505 14.341
3.0519 14.335
3.0533 14.33
3.0547 14.325
3.0561 14.32
3.0575 14.315
3.0589 14.309
3.0604 14.304
3.0618 14.299
3.0632 14.294
3.0646 14.288
3.066 14.283
3.0674 14.278
3.0688 14.273
3.0703 14.267
3.0717 14.262
3.0731 14.257
3.0745 14.252
3.0759 14.247
3.0773 14.241
3.0787 14.236
3.0802 14.231
3.0816 14.226
3.083 14.22
3.0844 14.215
3.0858 14.21
3.0872 14.204
3.0886 14.199
3.0901 14.194
3.0915 14.189
3.0929 14.184
3.0943 14.178
3.0957 14.173
3.0971 14.168
3.0985 14.163
3.1 14.157
3.1014 14.152
3.1028 14.147
3.1042 14.142
3.1056 14.136
3.107 14.131
3.1084 14.126
3.1099 14.121
3.1113 14.116
3.1127 14.11
3.1141 14.105
3.1155 14.1
3.1169 14.095
3.1183 14.09
3.1198 14.084
3.1212 14.079
3.1226 14.074
3.124 14.069
3.1254 14.064
3.1268 14.058
3.1282 14.053
3.1297 14.048
3.1311 14.043
3.1325 14.038
3.1339 14.033
3.1353 14.028
3.1367 14.022
3.1381 14.017
3.1396 14.012
3.141 14.007
3.1424 14.002
3.1438 13.997
3.1452 13.992
3.1466 13.987
3.148 13.981
3.1495 13.976
3.1509 13.971
3.1523 13.966
3.1537 13.961
3.1551 13.956
3.1565 13.951
3.1579 13.946
3.1594 13.941
3.1608 13.936
3.1622 13.931
3.1636 13.926
3.165 13.921
3.1664 13.915
3.1678 13.91
3.1693 13.905
3.1707 13.9
3.1721 13.895
3.1735 13.89
3.1749 13.885
3.1763 13.88
3.1777 13.875
3.1792 13.87
3.1806 13.865
3.182 13.86
3.1834 13.855
3.1848 13.85
3.1862 13.845
3.1876 13.84
3.1891 13.835
3.1905 13.83
3.1919 13.826
3.1933 13.821
3.1947 13.816
3.1961 13.811
3.1975 13.806
3.199 13.801
3.2004 13.796
3.2018 13.791
3.2032 13.786
3.2046 13.781
3.206 13.776
3.2074 13.771
3.2089 13.766
3.2103 13.761
3.2117 13.757
3.2131 13.752
3.2145 13.747
3.2159 13.742
3.2173 13.737
3.2188 13.732
3.2202 13.727
3.2216 13.723
3.223 13.718
3.2244 13.713
3.2258 13.708
3.2272 13.703
3.2286 13.698
3.2301 13.693
3.2315 13.689
3.2329 13.684
3.2343 13.679
3.2357 13.674
3.2371 13.669
3.2385 13.665
3.24 13.66
3.2414 13.655
3.2428 13.65
3.2442 13.645
3.2456 13.641
3.247 13.636
3.2484 13.631
3.2499 13.626
3.2513 13.622
3.2527 13.617
3.2541 13.612
3.2555 13.607
3.2569 13.603
3.2583 13.598
3.2598 13.593
3.2612 13.588
3.2626 13.584
3.264 13.579
3.2654 13.574
3.2668 13.57
3.2682 13.565
3.2697 13.56
3.2711 13.556
3.2725 13.551
3.2739 13.546
3.2753 13.541
3.2767 13.537
3.2781 13.532
3.2796 13.527
3.281 13.523
3.2824 13.518
3.2838 13.514
3.2852 13.509
3.2866 13.504
3.288 13.5
3.2895 13.495
3.2909 13.49
3.2923 13.486
3.2937 13.481
3.2951 13.476
3.2965 13.472
3.2979 13.467
3.2994 13.463
3.3008 13.458
3.3022 13.453
3.3036 13.449
3.305 13.444
3.3064 13.44
3.3078 13.435
3.3093 13.431
3.3107 13.426
3.3121 13.421
3.3135 13.417
3.3149 13.412
3.3163 13.408
3.3177 13.403
3.3192 13.399
3.3206 13.394
3.322 13.39
3.3234 13.385
3.3248 13.381
3.3262 13.376
3.3276 13.372
3.3291 13.367
3.3305 13.363
3.3319 13.358
3.3333 13.354
3.3347 13.349
3.3361 13.345
3.3375 13.34
3.339 13.336
3.3404 13.331
3.3418 13.327
3.3432 13.322
3.3446 13.318
3.346 13.313
3.3474 13.309
3.3489 13.305
3.3503 13.3
3.3517 13.296
3.3531 13.291
3.3545 13.287
3.3559 13.282
3.3573 13.278
3.3588 13.274
3.3602 13.269
3.3616 13.265
3.363 13.26
3.3644 13.256
3.3658 13.252
3.3672 13.247
3.3687 13.243
3.3701 13.238
3.3715 13.234
3.3729 13.23
3.3743 13.225
3.3757 13.221
3.3771 13.217
3.3786 13.212
3.38 13.208
3.3814 13.204
3.3828 13.199
3.3842 13.195
3.3856 13.191
3.387 13.186
3.3885 13.182
3.3899 13.178
3.3913 13.173
3.3927 13.169
3.3941 13.165
3.3955 13.16
3.3969 13.156
3.3984 13.152
3.3998 13.148
3.4012 13.143
3.4026 13.139
3.404 13.135
3.4054 13.13
3.4068 13.126
3.4083 13.122
3.4097 13.118
3.4111 13.113
3.4125 13.109
3.4139 13.105
3.4153 13.101
3.4167 13.096
3.4182 13.092
3.4196 13.088
3.421 13.084
3.4224 13.08
3.4238 13.075
3.4252 13.071
3.4266 13.067
3.4281 13.063
3.4295 13.058
3.4309 13.054
3.4323 13.05
3.4337 13.046
3.4351 13.042
3.4365 13.038
3.438 13.033
3.4394 13.029
3.4408 13.025
3.4422 13.021
3.4436 13.017
3.445 13.013
3.4464 13.008
3.4479 13.004
3.4493 13
3.4507 12.996
3.4521 12.992
3.4535 12.988
3.4549 12.984
3.4563 12.979
3.4578 12.975
3.4592 12.971
3.4606 12.967
3.462 12.963
3.4634 12.959
3.4648 12.955
3.4662 12.951
3.4677 12.947
3.4691 12.943
3.4705 12.938
3.4719 12.934
3.4733 12.93
3.4747 12.926
3.4761 12.922
3.4776 12.918
3.479 12.914
3.4804 12.91
3.4818 12.906
3.4832 12.902
3.4846 12.898
3.486 12.894
3.4875 12.89
3.4889 12.886
3.4903 12.882
3.4917 12.878
3.4931 12.874
3.4945 12.87
3.4959 12.866
3.4974 12.862
3.4988 12.858
3.5002 12.854
3.5016 12.85
3.503 12.846
3.5044 12.842
3.5058 12.838
3.5072 12.834
3.5087 12.83
3.5101 12.826
3.5115 12.822
3.5129 12.818
3.5143 12.814
3.5157 12.81
3.5171 12.806
3.5186 12.802
3.52 12.798
3.5214 12.794
3.5228 12.79
3.5242 12.786
3.5256 12.782
3.527 12.778
3.5285 12.774
3.5299 12.77
3.5313 12.766
3.5327 12.763
3.5341 12.759
3.5355 12.755
3.5369 12.751
3.5384 12.747
3.5398 12.743
3.5412 12.739
3.5426 12.735
3.544 12.731
3.5454 12.727
3.5468 12.724
3.5483 12.72
3.5497 12.716
3.5511 12.712
3.5525 12.708
3.5539 12.704
3.5553 12.7
3.5567 12.697
3.5582 12.693
3.5596 12.689
3.561 12.685
3.5624 12.681
3.5638 12.677
3.5652 12.674
3.5666 12.67
3.5681 12.666
3.5695 12.662
3.5709 12.658
3.5723 12.654
3.5737 12.651
3.5751 12.647
3.5765 12.643
3.578 12.639
3.5794 12.635
3.5808 12.632
3.5822 12.628
3.5836 12.624
3.585 12.62
3.5864 12.616
3.5879 12.613
3.5893 12.609
3.5907 12.605
3.5921 12.601
3.5935 12.598
3.5949 12.594
3.5963 12.59
3.5978 12.586
3.5992 12.583
3.6006 12.579
3.602 12.575
3.6034 12.571
3.6048 12.568
3.6062 12.564
3.6077 12.56
3.6091 12.557
3.6105 12.553
3.6119 12.549
3.6133 12.545
3.6147 12.542
3.6161 12.538
3.6176 12.534
3.619 12.531
3.6204 12.527
3.6218 12.523
3.6232 12.52
3.6246 12.516
3.626 12.512
3.6275 12.508
3.6289 12.505
3.6303 12.501
3.6317 12.497
3.6331 12.494
3.6345 12.49
3.6359 12.486
3.6374 12.483
3.6388 12.479
3.6402 12.476
3.6416 12.472
3.643 12.468
3.6444 12.465
3.6458 12.461
3.6473 12.457
3.6487 12.454
3.6501 12.45
3.6515 12.446
3.6529 12.443
3.6543 12.439
3.6557 12.436
3.6572 12.432
3.6586 12.428
3.66 12.425
3.6614 12.421
3.6628 12.418
3.6642 12.414
3.6656 12.41
3.6671 12.407
3.6685 12.403
3.6699 12.4
3.6713 12.396
3.6727 12.393
3.6741 12.389
3.6755 12.385
3.677 12.382
3.6784 12.378
3.6798 12.375
3.6812 12.371
3.6826 12.368
3.684 12.364
3.6854 12.361
3.6869 12.357
3.6883 12.354
3.6897 12.35
3.6911 12.346
3.6925 12.343
3.6939 12.339
3.6953 12.336
3.6968 12.332
3.6982 12.329
3.6996 12.325
3.701 12.322
3.7024 12.318
3.7038 12.315
3.7052 12.311
3.7067 12.308
3.7081 12.304
3.7095 12.301
3.7109 12.297
3.7123 12.294
3.7137 12.291
3.7151 12.287
3.7166 12.284
3.718 12.28
3.7194 12.277
3.7208 12.273
3.7222 12.27
3.7236 12.266
3.725 12.263
3.7265 12.259
3.7279 12.256
3.7293 12.252
3.7307 12.249
3.7321 12.246
3.7335 12.242
3.7349 12.239
3.7364 12.235
3.7378 12.232
3.7392 12.228
3.7406 12.225
3.742 12.222
3.7434 12.218
3.7448 12.215
3.7463 12.211
3.7477 12.208
3.7491 12.205
3.7505 12.201
3.7519 12.198
3.7533 12.194
3.7547 12.191
3.7562 12.188
3.7576 12.184
3.759 12.181
3.7604 12.178
3.7618 12.174
3.7632 12.171
3.7646 12.167
3.7661 12.164
3.7675 12.161
3.7689 12.157
3.7703 12.154
3.7717 12.151
3.7731 12.147
3.7745 12.144
3.776 12.141
3.7774 12.137
3.7788 12.134
3.7802 12.131
3.7816 12.127
3.783 12.124
3.7844 12.121
3.7858 12.117
3.7873 12.114
3.7887 12.111
3.7901 12.107
3.7915 12.104
3.7929 12.101
3.7943 12.098
3.7957 12.094
3.7972 12.091
3.7986 12.088
3.8 12.084
3.8014 12.081
3.8028 12.078
3.8042 12.074
3.8056 12.071
3.8071 12.068
3.8085 12.065
3.8099 12.061
3.8113 12.058
3.8127 12.055
3.8141 12.052
3.8155 12.048
3.817 12.045
3.8184 12.042
3.8198 12.039
3.8212 12.035
3.8226 12.032
3.824 12.029
3.8254 12.026
3.8269 12.022
3.8283 12.019
3.8297 12.016
3.8311 12.013
3.8325 12.01
3.8339 12.006
3.8353 12.003
3.8368 12
3.8382 11.997
3.8396 11.993
3.841 11.99
3.8424 11.987
3.8438 11.984
3.8452 11.981
3.8467 11.977
3.8481 11.974
3.8495 11.971
3.8509 11.968
3.8523 11.965
3.8537 11.962
3.8551 11.958
3.8566 11.955
3.858 11.952
3.8594 11.949
3.8608 11.946
3.8622 11.943
3.8636 11.939
3.865 11.936
3.8665 11.933
3.8679 11.93
3.8693 11.927
3.8707 11.924
3.8721 11.92
3.8735 11.917
3.8749 11.914
3.8764 11.911
3.8778 11.908
3.8792 11.905
3.8806 11.902
3.882 11.899
3.8834 11.895
3.8848 11.892
3.8863 11.889
3.8877 11.886
3.8891 11.883
3.8905 11.88
3.8919 11.877
3.8933 11.874
3.8947 11.871
3.8962 11.867
3.8976 11.864
3.899 11.861
3.9004 11.858
3.9018 11.855
3.9032 11.852
3.9046 11.849
3.9061 11.846
3.9075 11.843
3.9089 11.84
3.9103 11.837
3.9117 11.834
3.9131 11.831
3.9145 11.827
3.916 11.824
3.9174 11.821
3.9188 11.818
3.9202 11.815
3.9216 11.812
3.923 11.809
3.9244 11.806
3.9259 11.803
3.9273 11.8
3.9287 11.797
3.9301 11.794
3.9315 11.791
3.9329 11.788
3.9343 11.785
3.9358 11.782
3.9372 11.779
3.9386 11.776
3.94 11.773
3.9414 11.77
3.9428 11.767
3.9442 11.764
3.9457 11.761
3.9471 11.758
3.9485 11.755
3.9499 11.752
3.9513 11.749
3.9527 11.746
3.9541 11.743
3.9556 11.74
3.957 11.737
3.9584 11.734
3.9598 11.731
3.9612 11.728
3.9626 11.725
3.964 11.722
3.9655 11.719
3.9669 11.716
3.9683 11.713
3.9697 11.71
3.9711 11.707
3.9725 11.704
3.9739 11.701
3.9754 11.698
3.9768 11.695
3.9782 11.693
3.9796 11.69
3.981 11.687
3.9824 11.684
3.9838 11.681
3.9853 11.678
3.9867 11.675
3.9881 11.672
3.9895 11.669
3.9909 11.666
3.9923 11.663
3.9937 11.66
3.9952 11.657
3.9966 11.655
3.998 11.652
3.9994 11.649
4.0008 11.646
4.0022 11.643
4.0036 11.64
4.0051 11.637
4.0065 11.634
4.0079 11.631
4.0093 11.628
4.0107 11.626
4.0121 11.623
4.0135 11.62
4.015 11.617
4.0164 11.614
4.0178 11.611
4.0192 11.608
4.0206 11.605
4.022 11.603
4.0234 11.6
4.0249 11.597
4.0263 11.594
4.0277 11.591
4.0291 11.588
4.0305 11.585
4.0319 11.583
4.0333 11.58
4.0348 11.577
4.0362 11.574
4.0376 11.571
4.039 11.568
4.0404 11.566
4.0418 11.563
4.0432 11.56
4.0447 11.557
4.0461 11.554
4.0475 11.552
4.0489 11.549
4.0503 11.546
4.0517 11.543
4.0531 11.54
4.0546 11.537
4.056 11.535
4.0574 11.532
4.0588 11.529
4.0602 11.526
4.0616 11.523
4.063 11.521
4.0644 11.518
4.0659 11.515
4.0673 11.512
4.0687 11.51
4.0701 11.507
4.0715 11.504
4.0729 11.501
4.0743 11.498
4.0758 11.496
4.0772 11.493
4.0786 11.49
4.08 11.487
4.0814 11.485
4.0828 11.482
4.0842 11.479
4.0857 11.476
4.0871 11.474
4.0885 11.471
4.0899 11.468
4.0913 11.465
4.0927 11.463
4.0941 11.46
4.0956 11.457
4.097 11.454
4.0984 11.452
4.0998 11.449
4.1012 11.446
4.1026 11.444
4.104 11.441
4.1055 11.438
4.1069 11.435
4.1083 11.433
4.1097 11.43
4.1111 11.427
4.1125 11.425
4.1139 11.422
4.1154 11.419
4.1168 11.416
4.1182 11.414
4.1196 11.411
4.121 11.408
4.1224 11.406
4.1238 11.403
4.1253 11.4
4.1267 11.398
4.1281 11.395
4.1295 11.392
4.1309 11.39
4.1323 11.387
4.1337 11.384
4.1352 11.382
4.1366 11.379
4.138 11.376
4.1394 11.374
4.1408 11.371
4.1422 11.368
4.1436 11.366
4.1451 11.363
4.1465 11.36
4.1479 11.358
4.1493 11.355
4.1507 11.352
4.1521 11.35
4.1535 11.347
4.155 11.344
4.1564 11.342
4.1578 11.339
4.1592 11.337
4.1606 11.334
4.162 11.331
4.1634 11.329
4.1649 11.326
4.1663 11.324
4.1677 11.321
4.1691 11.318
4.1705 11.316
4.1719 11.313
4.1733 11.31
4.1748 11.308
4.1762 11.305
4.1776 11.303
4.179 11.3
4.1804 11.297
4.1818 11.295
4.1832 11.292
4.1847 11.29
4.1861 11.287
4.1875 11.285
4.1889 11.282
4.1903 11.279
4.1917 11.277
4.1931 11.274
4.1946 11.272
4.196 11.269
4.1974 11.267
4.1988 11.264
4.2002 11.261
4.2016 11.259
4.203 11.256
4.2045 11.254
4.2059 11.251
4.2073 11.249
4.2087 11.246
4.2101 11.244
4.2115 11.241
4.2129 11.238
4.2144 11.236
4.2158 11.233
4.2172 11.231
4.2186 11.228
4.22 11.226
4.2214 11.223
4.2228 11.221
4.2243 11.218
4.2257 11.216
4.2271 11.213
4.2285 11.211
4.2299 11.208
4.2313 11.206
4.2327 11.203
4.2342 11.201
4.2356 11.198
4.237 11.196
4.2384 11.193
4.2398 11.191
4.2412 11.188
4.2426 11.186
4.2441 11.183
4.2455 11.181
4.2469 11.178
4.2483 11.176
4.2497 11.173
4.2511 11.171
4.2525 11.168
4.254 11.166
4.2554 11.163
4.2568 11.161
4.2582 11.158
4.2596 11.156
4.261 11.153
4.2624 11.151
4.2639 11.149
4.2653 11.146
4.2667 11.144
4.2681 11.141
4.2695 11.139
4.2709 11.136
4.2723 11.134
4.2738 11.131
4.2752 11.129
4.2766 11.126
4.278 11.124
4.2794 11.122
4.2808 11.119
4.2822 11.117
4.2837 11.114
4.2851 11.112
4.2865 11.109
4.2879 11.107
4.2893 11.105
4.2907 11.102
4.2921 11.1
4.2936 11.097
4.295 11.095
4.2964 11.093
4.2978 11.09
4.2992 11.088
4.3006 11.085
4.302 11.083
4.3035 11.081
4.3049 11.078
4.3063 11.076
4.3077 11.073
4.3091 11.071
4.3105 11.069
4.3119 11.066
4.3134 11.064
4.3148 11.061
4.3162 11.059
4.3176 11.057
4.319 11.054
4.3204 11.052
4.3218 11.05
4.3233 11.047
4.3247 11.045
4.3261 11.043
4.3275 11.04
4.3289 11.038
4.3303 11.035
4.3317 11.033
4.3332 11.031
4.3346 11.028
4.336 11.026
4.3374 11.024
4.3388 11.021
4.3402 11.019
4.3416 11.017
4.343 11.014
4.3445 11.012
4.3459 11.01
4.3473 11.007
4.3487 11.005
4.3501 11.003
4.3515 11
4.3529 10.998
4.3544 10.996
4.3558 10.993
4.3572 10.991
4.3586 10.989
4.36 10.987
4.3614 10.984
4.3628 10.982
4.3643 10.98
4.3657 10.977
4.3671 10.975
4.3685 10.973
4.3699 10.97
4.3713 10.968
4.3727 10.966
4.3742 10.964
4.3756 10.961
4.377 10.959
4.3784 10.957
4.3798 10.954
4.3812 10.952
4.3826 10.95
4.3841 10.948
4.3855 10.945
4.3869 10.943
4.3883 10.941
4.3897 10.939
4.3911 10.936
4.3925 10.934
4.394 10.932
4.3954 10.93
4.3968 10.927
4.3982 10.925
4.3996 10.923
4.401 10.921
4.4024 10.918
4.4039 10.916
4.4053 10.914
4.4067 10.912
4.4081 10.909
4.4095 10.907
4.4109 10.905
4.4123 10.903
4.4138 10.9
4.4152 10.898
4.4166 10.896
4.418 10.894
4.4194 10.892
4.4208 10.889
4.4222 10.887
4.4237 10.885
4.4251 10.883
4.4265 10.881
4.4279 10.878
4.4293 10.876
4.4307 10.874
4.4321 10.872
4.4336 10.87
4.435 10.867
4.4364 10.865
4.4378 10.863
4.4392 10.861
4.4406 10.859
4.442 10.856
4.4435 10.854
4.4449 10.852
4.4463 10.85
4.4477 10.848
4.4491 10.846
4.4505 10.843
4.4519 10.841
4.4534 10.839
4.4548 10.837
4.4562 10.835
4.4576 10.833
4.459 10.831
4.4604 10.828
4.4618 10.826
4.4633 10.824
4.4647 10.822
4.4661 10.82
4.4675 10.818
4.4689 10.816
4.4703 10.813
4.4717 10.811
4.4732 10.809
4.4746 10.807
4.476 10.805
4.4774 10.803
4.4788 10.801
4.4802 10.799
4.4816 10.796
4.4831 10.794
4.4845 10.792
4.4859 10.79
4.4873 10.788
4.4887 10.786
4.4901 10.784
4.4915 10.782
4.493 10.78
4.4944 10.778
4.4958 10.775
4.4972 10.773
4.4986 10.771
4.5 10.769
4.5014 10.767
4.5029 10.765
4.5043 10.763
4.5057 10.761
4.5071 10.759
4.5085 10.757
4.5099 10.755
4.5113 10.753
4.5128 10.751
4.5142 10.748
4.5156 10.746
4.517 10.744
4.5184 10.742
4.5198 10.74
4.5212 10.738
4.5227 10.736
4.5241 10.734
4.5255 10.732
4.5269 10.73
4.5283 10.728
4.5297 10.726
4.5311 10.724
4.5326 10.722
4.534 10.72
4.5354 10.718
4.5368 10.716
4.5382 10.714
4.5396 10.712
4.541 10.71
4.5425 10.708
4.5439 10.706
4.5453 10.704
4.5467 10.702
4.5481 10.7
4.5495 10.698
4.5509 10.696
4.5524 10.694
4.5538 10.692
4.5552 10.69
4.5566 10.688
4.558 10.686
4.5594 10.684
4.5608 10.682
4.5623 10.68
4.5637 10.678
4.5651 10.676
4.5665 10.674
4.5679 10.672
4.5693 10.67
4.5707 10.668
4.5722 10.666
4.5736 10.664
4.575 10.662
4.5764 10.66
4.5778 10.658
4.5792 10.656
4.5806 10.654
4.5821 10.652
4.5835 10.65
4.5849 10.649
4.5863 10.647
4.5877 10.645
4.5891 10.643
4.5905 10.641
4.592 10.639
4.5934 10.637
4.5948 10.635
4.5962 10.633
4.5976 10.631
4.599 10.629
4.6004 10.627
4.6019 10.625
4.6033 10.624
4.6047 10.622
4.6061 10.62
4.6075 10.618
4.6089 10.616
4.6103 10.614
4.6118 10.612
4.6132 10.61
4.6146 10.608
4.616 10.607
4.6174 10.605
4.6188 10.603
4.6202 10.601
4.6216 10.599
4.6231 10.597
4.6245 10.595
4.6259 10.594
4.6273 10.592
4.6287 10.59
4.6301 10.588
4.6315 10.586
4.633 10.584
4.6344 10.582
4.6358 10.581
4.6372 10.579
4.6386 10.577
4.64 10.575
4.6414 10.573
4.6429 10.571
4.6443 10.57
4.6457 10.568
4.6471 10.566
4.6485 10.564
4.6499 10.562
4.6513 10.561
4.6528 10.559
4.6542 10.557
4.6556 10.555
4.657 10.553
4.6584 10.552
4.6598 10.55
4.6612 10.548
4.6627 10.546
4.6641 10.544
4.6655 10.543
4.6669 10.541
4.6683 10.539
4.6697 10.537
4.6711 10.535
4.6726 10.534
4.674 10.532
4.6754 10.53
4.6768 10.528
4.6782 10.527
4.6796 10.525
4.681 10.523
4.6825 10.521
4.6839 10.52
4.6853 10.518
4.6867 10.516
4.6881 10.515
4.6895 10.513
4.6909 10.511
4.6924 10.509
4.6938 10.508
4.6952 10.506
4.6966 10.504
4.698 10.502
4.6994 10.501
4.7008 10.499
4.7023 10.497
4.7037 10.496
4.7051 10.494
4.7065 10.492
4.7079 10.491
4.7093 10.489
4.7107 10.487
4.7122 10.486
4.7136 10.484
4.715 10.482
4.7164 10.481
4.7178 10.479
4.7192 10.477
4.7206 10.476
4.7221 10.474
4.7235 10.472
4.7249 10.471
4.7263 10.469
4.7277 10.467
4.7291 10.466
4.7305 10.464
4.732 10.462
4.7334 10.461
4.7348 10.459
4.7362 10.458
4.7376 10.456
4.739 10.454
4.7404 10.453
4.7419 10.451
4.7433 10.45
4.7447 10.448
4.7461 10.446
4.7475 10.445
4.7489 10.443
4.7503 10.442
4.7518 10.44
4.7532 10.438
4.7546 10.437
4.756 10.435
4.7574 10.434
4.7588 10.432
4.7602 10.431
4.7617 10.429
4.7631 10.428
4.7645 10.426
4.7659 10.424
4.7673 10.423
4.7687 10.421
4.7701 10.42
4.7716 10.418
4.773 10.417
4.7744 10.415
4.7758 10.414
4.7772 10.412
4.7786 10.411
4.78 10.409
4.7815 10.408
4.7829 10.406
4.7843 10.405
4.7857 10.403
4.7871 10.402
4.7885 10.4
4.7899 10.399
4.7914 10.397
4.7928 10.396
4.7942 10.395
4.7956 10.393
4.797 10.392
4.7984 10.39
4.7998 10.389
4.8013 10.387
4.8027 10.386
4.8041 10.384
4.8055 10.383
4.8069 10.382
4.8083 10.38
4.8097 10.379
4.8112 10.377
4.8126 10.376
4.814 10.375
4.8154 10.373
4.8168 10.372
4.8182 10.37
4.8196 10.369
4.8211 10.368
4.8225 10.366
4.8239 10.365
4.8253 10.364
4.8267 10.362
4.8281 10.361
4.8295 10.36
4.831 10.358
4.8324 10.357
4.8338 10.356
4.8352 10.354
4.8366 10.353
4.838 10.352
4.8394 10.35
4.8409 10.349
4.8423 10.348
4.8437 10.346
4.8451 10.345
4.8465 10.344
4.8479 10.343
4.8493 10.341
4.8508 10.34
4.8522 10.339
4.8536 10.338
4.855 10.336
4.8564 10.335
4.8578 10.334
4.8592 10.333
4.8607 10.331
4.8621 10.33
4.8635 10.329
4.8649 10.328
4.8663 10.326
4.8677 10.325
4.8691 10.324
4.8706 10.323
4.872 10.322
4.8734 10.321
4.8748 10.319
4.8762 10.318
4.8776 10.317
4.879 10.316
4.8805 10.315
4.8819 10.314
4.8833 10.312
4.8847 10.311
4.8861 10.31
4.8875 10.309
4.8889 10.308
4.8904 10.307
4.8918 10.306
4.8932 10.305
4.8946 10.304
4.896 10.302
4.8974 10.301
4.8988 10.3
4.9002 10.299
4.9017 10.298
4.9031 10.297
4.9045 10.296
4.9059 10.295
4.9073 10.294
4.9087 10.293
4.9101 10.292
4.9116 10.291
4.913 10.29
4.9144 10.289
4.9158 10.288
4.9172 10.287
4.9186 10.286
4.92 10.285
4.9215 10.284
4.9229 10.283
4.9243 10.282
4.9257 10.281
4.9271 10.28
4.9285 10.279
4.9299 10.279
4.9314 10.278
4.9328 10.277
4.9342 10.276
4.9356 10.275
4.937 10.274
4.9384 10.273
4.9398 10.272
4.9413 10.271
4.9427 10.271
4.9441 10.27
4.9455 10.269
4.9469 10.268
4.9483 10.267
4.9497 10.266
4.9512 10.266
4.9526 10.265
4.954 10.264
4.9554 10.263
4.9568 10.262
4.9582 10.262
4.9596 10.261
4.9611 10.26
4.9625 10.259
4.9639 10.259
4.9653 10.258
4.9667 10.257
4.9681 10.256
4.9695 10.256
4.971 10.255
4.9724 10.254
4.9738 10.254
4.9752 10.253
4.9766 10.252
4.978 10.252
4.9794 10.251
4.9809 10.25
4.9823 10.25
4.9837 10.249
4.9851 10.248
4.9865 10.248
4.9879 10.247
4.9893 10.247
4.9908 10.246
4.9922 10.245
4.9936 10.245
4.995 10.244
4.9964 10.244
4.9978 10.243
4.9992 10.243
5.0007 10.242
5.0021 10.242
5.0035 10.241
5.0049 10.24
5.0063 10.24
5.0077 10.239
5.0091 10.239
5.0106 10.238
5.012 10.238
5.0134 10.238
5.0148 10.237
5.0162 10.237
5.0176 10.236
5.019 10.236
5.0205 10.235
5.0219 10.235
5.0233 10.234
5.0247 10.234
5.0261 10.234
5.0275 10.233
5.0289 10.233
5.0304 10.232
5.0318 10.232
5.0332 10.232
5.0346 10.231
5.036 10.231
5.0374 10.231
5.0388 10.23
5.0403 10.23
5.0417 10.23
5.0431 10.229
5.0445 10.229
5.0459 10.229
5.0473 10.228
5.0487 10.228
5.0502 10.228
5.0516 10.227
5.053 10.227
5.0544 10.227
5.0558 10.227
5.0572 10.226
5.0586 10.226
5.0601 10.226
5.0615 10.226
5.0629 10.225
5.0643 10.225
5.0657 10.225
5.0671 10.225
5.0685 10.224
5.07 10.224
5.0714 10.224
5.0728 10.224
5.0742 10.224
5.0756 10.223
5.077 10.223
5.0784 10.223
5.0799 10.223
5.0813 10.223
5.0827 10.223
5.0841 10.222
5.0855 10.222
5.0869 10.222
5.0883 10.222
5.0898 10.222
5.0912 10.222
5.0926 10.222
5.094 10.221
5.0954 10.221
5.0968 10.221
5.0982 10.221
5.0997 10.221
5.1011 10.221
5.1025 10.221
5.1039 10.221
5.1053 10.221
5.1067 10.22
5.1081 10.22
5.1096 10.22
5.111 10.22
5.1124 10.22
5.1138 10.22
5.1152 10.22
5.1166 10.22
5.118 10.22
5.1195 10.22
5.1209 10.22
5.1223 10.22
5.1237 10.219
5.1251 10.219
5.1265 10.219
5.1279 10.219
5.1294 10.219
5.1308 10.219
5.1322 10.219
5.1336 10.219
5.135 10.219
5.1364 10.219
5.1378 10.219
5.1393 10.219
5.1407 10.219
5.1421 10.219
5.1435 10.219
5.1449 10.219
5.1463 10.219
5.1477 10.219
5.1492 10.219
5.1506 10.219
5.152 10.219
5.1534 10.219
5.1548 10.218
5.1562 10.218
5.1576 10.218
5.1591 10.218
5.1605 10.218
5.1619 10.218
5.1633 10.218
5.1647 10.218
5.1661 10.218
5.1675 10.218
5.169 10.218
5.1704 10.218
5.1718 10.218
5.1732 10.218
5.1746 10.218
5.176 10.218
5.1774 10.218
5.1789 10.218
5.1803 10.218
5.1817 10.218
5.1831 10.218
5.1845 10.218
5.1859 10.218
5.1873 10.218
5.1887 10.218
5.1902 10.218
5.1916 10.218
5.193 10.218
5.1944 10.218
5.1958 10.218
5.1972 10.218
5.1986 10.218
5.2001 10.218
5.2015 10.218
5.2029 10.218
5.2043 10.218
5.2057 10.218
5.2071 10.218
5.2085 10.218
5.21 10.218
5.2114 10.218
5.2128 10.218
5.2142 10.218
5.2156 10.218
5.217 10.218
5.2184 10.218
5.2199 10.218
5.2213 10.218
5.2227 10.218
5.2241 10.218
5.2255 10.218
5.2269 10.218
5.2283 10.218
5.2298 10.218
5.2312 10.218
5.2326 10.218
5.234 10.218
5.2354 10.218
5.2368 10.218
5.2382 10.218
5.2397 10.218
5.2411 10.218
5.2425 10.218
5.2439 10.218
5.2453 10.218
5.2467 10.218
5.2481 10.218
5.2496 10.218
5.251 10.218
5.2524 10.218
5.2538 10.218
5.2552 10.218
5.2566 10.218
5.258 10.218
5.2595 10.218
5.2609 10.218
5.2623 10.218
5.2637 10.218
5.2651 10.218
5.2665 10.218
5.2679 10.218
5.2694 10.218
5.2708 10.218
5.2722 10.218
5.2736 10.218
5.275 10.218
5.2764 10.218
5.2778 10.218
5.2793 10.218
5.2807 10.218
5.2821 10.218
5.2835 10.218
5.2849 10.218
5.2863 10.218
5.2877 10.218
5.2892 10.218
5.2906 10.218
5.292 10.218
5.2934 10.218
5.2948 10.218
5.2962 10.218
5.2976 10.218
5.2991 10.218
5.3005 10.218
5.3019 10.218
5.3033 10.218
5.3047 10.218
5.3061 10.218
5.3075 10.218
5.309 10.218
5.3104 10.218
5.3118 10.218
5.3132 10.218
5.3146 10.218
5.316 10.218
5.3174 10.218
5.3189 10.218
5.3203 10.218
5.3217 10.218
5.3231 10.218
5.3245 10.218
5.3259 10.218
5.3273 10.218
5.3288 10.218
5.3302 10.218
5.3316 10.218
5.333 10.218
5.3344 10.218
5.3358 10.218
5.3372 10.218
5.3387 10.218
5.3401 10.218
5.3415 10.218
5.3429 10.218
5.3443 10.218
5.3457 10.218
5.3471 10.218
5.3486 10.218
5.35 10.218
5.3514 10.218
5.3528 10.218
5.3542 10.218
5.3556 10.218
5.357 10.218
5.3585 10.218
5.3599 10.218
5.3613 10.218
5.3627 10.218
5.3641 10.218
5.3655 10.218
5.3669 10.218
5.3684 10.218
5.3698 10.218
5.3712 10.218
5.3726 10.218
5.374 10.218
5.3754 10.218
5.3768 10.218
5.3783 10.218
5.3797 10.218
5.3811 10.218
5.3825 10.218
5.3839 10.218
5.3853 10.218
5.3867 10.218
5.3882 10.218
5.3896 10.218
5.391 10.218
5.3924 10.218
5.3938 10.218
5.3952 10.218
5.3966 10.218
5.3981 10.218
5.3995 10.218
5.4009 10.218
5.4023 10.218
5.4037 10.218
5.4051 10.218
5.4065 10.218
5.408 10.218
5.4094 10.218
5.4108 10.218
5.4122 10.218
5.4136 10.218
5.415 10.218
5.4164 10.218
5.4179 10.218
5.4193 10.218
5.4207 10.218
5.4221 10.218
5.4235 10.218
5.4249 10.218
5.4263 10.218
5.4278 10.218
5.4292 10.218
5.4306 10.218
5.432 10.218
5.4334 10.218
5.4348 10.218
5.4362 10.218
5.4377 10.218
5.4391 10.218
5.4405 10.218
5.4419 10.218
5.4433 10.218
5.4447 10.218
5.4461 10.218
5.4476 10.218
5.449 10.218
5.4504 10.218
5.4518 10.218
5.4532 10.218
5.4546 10.218
5.456 10.218
5.4575 10.218
5.4589 10.218
5.4603 10.218
5.4617 10.218
5.4631 10.218
5.4645 10.218
5.4659 10.218
5.4673 10.218
5.4688 10.218
5.4702 10.218
5.4716 10.218
5.473 10.218
5.4744 10.218
5.4758 10.218
5.4772 10.218
5.4787 10.218
5.4801 10.218
5.4815 10.218
5.4829 10.218
5.4843 10.218
5.4857 10.218
5.4871 10.218
5.4886 10.218
5.49 10.218
5.4914 10.218
5.4928 10.218
5.4942 10.218
5.4956 10.218
5.497 10.218
5.4985 10.218
5.4999 10.218
5.5013 10.218
5.5027 10.218
5.5041 10.218
5.5055 10.218
5.5069 10.218
5.5084 10.218
5.5098 10.218
5.5112 10.218
5.5126 10.218
5.514 10.218
5.5154 10.218
5.5168 10.218
5.5183 10.218
5.5197 10.218
5.5211 10.218
5.5225 10.218
5.5239 10.218
5.5253 10.218
5.5267 10.218
5.5282 10.218
5.5296 10.218
5.531 10.218
5.5324 10.218
5.5338 10.218
5.5352 10.218
5.5366 10.218
5.5381 10.218
5.5395 10.219
5.5409 10.219
5.5423 10.219
5.5437 10.219
5.5451 10.219
5.5465 10.219
5.548 10.219
5.5494 10.219
5.5508 10.219
5.5522 10.219
5.5536 10.219
5.555 10.219
5.5564 10.219
5.5579 10.219
5.5593 10.219
5.5607 10.219
5.5621 10.219
5.5635 10.219
5.5649 10.219
5.5663 10.219
5.5678 10.219
5.5692 10.219
5.5706 10.219
5.572 10.219
5.5734 10.219
5.5748 10.219
5.5762 10.219
5.5777 10.219
5.5791 10.219
5.5805 10.219
5.5819 10.219
5.5833 10.219
5.5847 10.219
5.5861 10.219
5.5876 10.219
5.589 10.219
5.5904 10.219
5.5918 10.219
5.5932 10.219
5.5946 10.219
5.596 10.219
5.5975 10.219
5.5989 10.219
5.6003 10.219
5.6017 10.219
5.6031 10.219
5.6045 10.219
5.6059 10.219
5.6074 10.219
5.6088 10.219
5.6102 10.219
5.6116 10.219
5.613 10.219
5.6144 10.219
5.6158 10.219
5.6173 10.219
5.6187 10.219
5.6201 10.219
5.6215 10.219
5.6229 10.219
5.6243 10.219
5.6257 10.219
5.6272 10.219
5.6286 10.219
5.63 10.219
5.6314 10.219
5.6328 10.219
5.6342 10.219
5.6356 10.219
5.6371 10.219
5.6385 10.219
5.6399 10.219
5.6413 10.219
5.6427 10.219
5.6441 10.219
5.6455 10.219
5.647 10.219
5.6484 10.219
5.6498 10.219
5.6512 10.219
5.6526 10.219
5.654 10.219
5.6554 10.219
5.6569 10.219
5.6583 10.219
5.6597 10.219
5.6611 10.219
5.6625 10.219
5.6639 10.219
5.6653 10.219
5.6668 10.219
5.6682 10.219
5.6696 10.219
5.671 10.219
5.6724 10.219
5.6738 10.219
5.6752 10.219
5.6767 10.219
5.6781 10.219
5.6795 10.219
5.6809 10.219
5.6823 10.219
5.6837 10.219
5.6851 10.219
5.6866 10.219
5.688 10.219
5.6894 10.219
5.6908 10.219
5.6922 10.219
5.6936 10.219
5.695 10.219
5.6965 10.219
5.6979 10.219
5.6993 10.219
5.7007 10.219
5.7021 10.219
5.7035 10.219
5.7049 10.219
5.7064 10.219
5.7078 10.219
5.7092 10.219
5.7106 10.219
5.712 10.219
5.7134 10.219
5.7148 10.219
5.7163 10.219
5.7177 10.219
5.7191 10.219
5.7205 10.219
5.7219 10.219
5.7233 10.219
5.7247 10.219
5.7262 10.219
5.7276 10.219
5.729 10.219
5.7304 10.219
5.7318 10.219
5.7332 10.219
5.7346 10.219
5.7361 10.219
5.7375 10.219
5.7389 10.219
5.7403 10.219
5.7417 10.219
5.7431 10.219
5.7445 10.219
5.7459 10.219
5.7474 10.219
5.7488 10.219
5.7502 10.219
5.7516 10.219
5.753 10.219
5.7544 10.219
5.7558 10.219
5.7573 10.219
5.7587 10.219
5.7601 10.219
5.7615 10.219
5.7629 10.219
5.7643 10.219
5.7657 10.219
5.7672 10.219
5.7686 10.219
5.77 10.219
5.7714 10.219
5.7728 10.219
5.7742 10.219
5.7756 10.219
5.7771 10.219
5.7785 10.219
5.7799 10.219
5.7813 10.219
5.7827 10.219
5.7841 10.219
5.7855 10.219
5.787 10.219
5.7884 10.219
5.7898 10.219
5.7912 10.219
5.7926 10.219
5.794 10.219
5.7954 10.219
5.7969 10.219
5.7983 10.219
5.7997 10.219
5.8011 10.219
5.8025 10.219
5.8039 10.219
5.8053 10.219
5.8068 10.219
5.8082 10.219
5.8096 10.219
5.811 10.219
5.8124 10.219
5.8138 10.219
5.8152 10.219
5.8167 10.219
5.8181 10.219
5.8195 10.219
5.8209 10.219
5.8223 10.219
5.8237 10.219
5.8251 10.219
5.8266 10.219
5.828 10.219
5.8294 10.219
5.8308 10.219
5.8322 10.219
5.8336 10.219
5.835 10.219
5.8365 10.219
5.8379 10.219
5.8393 10.219
5.8407 10.219
5.8421 10.219
5.8435 10.219
5.8449 10.219
5.8464 10.219
5.8478 10.219
5.8492 10.219
5.8506 10.219
5.852 10.219
5.8534 10.219
5.8548 10.219
5.8563 10.219
5.8577 10.219
5.8591 10.219
5.8605 10.219
5.8619 10.219
5.8633 10.219
5.8647 10.219
5.8662 10.219
5.8676 10.219
5.869 10.219
5.8704 10.219
5.8718 10.219
5.8732 10.219
5.8746 10.219
5.8761 10.219
5.8775 10.219
5.8789 10.219
5.8803 10.219
5.8817 10.219
5.8831 10.219
5.8845 10.219
5.886 10.219
5.8874 10.219
5.8888 10.219
5.8902 10.219
5.8916 10.219
5.893 10.219
5.8944 10.219
5.8959 10.219
5.8973 10.219
5.8987 10.219
5.9001 10.219
5.9015 10.219
5.9029 10.219
5.9043 10.219
5.9058 10.219
5.9072 10.219
5.9086 10.219
5.91 10.219
5.9114 10.219
5.9128 10.219
5.9142 10.219
5.9157 10.219
5.9171 10.219
5.9185 10.219
5.9199 10.219
5.9213 10.219
5.9227 10.219
5.9241 10.219
5.9256 10.219
5.927 10.219
5.9284 10.219
5.9298 10.219
5.9312 10.219
5.9326 10.219
5.934 10.219
5.9355 10.219
5.9369 10.219
5.9383 10.219
5.9397 10.219
5.9411 10.219
5.9425 10.219
5.9439 10.219
5.9454 10.219
5.9468 10.219
5.9482 10.219
5.9496 10.219
5.951 10.219
5.9524 10.219
5.9538 10.219
5.9553 10.219
5.9567 10.219
5.9581 10.219
5.9595 10.219
5.9609 10.219
5.9623 10.219
5.9637 10.219
5.9652 10.219
5.9666 10.219
5.968 10.219
5.9694 10.219
5.9708 10.219
5.9722 10.219
5.9736 10.219
5.9751 10.219
5.9765 10.219
5.9779 10.219
5.9793 10.219
5.9807 10.219
5.9821 10.219
5.9835 10.219
5.985 10.219
5.9864 10.219
5.9878 10.219
5.9892 10.219
5.9906 10.219
5.992 10.219
5.9934 10.219
5.9949 10.219
5.9963 10.219
5.9977 10.219
5.9991 10.219
6.0005 10.219
6.0019 10.219
6.0033 10.219
6.0048 10.219
6.0062 10.219
6.0076 10.219
6.009 10.219
6.0104 10.219
6.0118 10.219
6.0132 10.219
6.0147 10.219
6.0161 10.219
6.0175 10.219
6.0189 10.219
6.0203 10.219
6.0217 10.219
6.0231 10.219
6.0245 10.219
6.026 10.219
6.0274 10.219
6.0288 10.219
6.0302 10.219
6.0316 10.219
6.033 10.219
6.0344 10.219
6.0359 10.219
6.0373 10.219
6.0387 10.219
6.0401 10.219
6.0415 10.219
6.0429 10.219
6.0443 10.219
6.0458 10.219
6.0472 10.219
6.0486 10.219
6.05 10.219
6.0514 10.219
6.0528 10.219
6.0542 10.219
6.0557 10.219
6.0571 10.219
6.0585 10.219
6.0599 10.219
6.0613 10.219
6.0627 10.219
6.0641 10.219
6.0656 10.219
6.067 10.219
6.0684 10.219
6.0698 10.219
6.0712 10.219
6.0726 10.219
6.074 10.219
6.0755 10.219
6.0769 10.219
6.0783 10.219
6.0797 10.219
6.0811 10.219
6.0825 10.219
6.0839 10.219
6.0854 10.219
6.0868 10.219
6.0882 10.219
6.0896 10.219
6.091 10.219
6.0924 10.219
6.0938 10.219
6.0953 10.219
6.0967 10.219
6.0981 10.219
6.0995 10.219
6.1009 10.219
6.1023 10.219
6.1037 10.219
6.1052 10.219
6.1066 10.219
6.108 10.219
6.1094 10.219
6.1108 10.219
6.1122 10.219
6.1136 10.219
6.1151 10.219
6.1165 10.219
6.1179 10.219
6.1193 10.219
6.1207 10.219
6.1221 10.219
6.1235 10.219
6.125 10.219
6.1264 10.219
6.1278 10.219
6.1292 10.219
6.1306 10.219
6.132 10.219
6.1334 10.219
6.1349 10.219
6.1363 10.219
6.1377 10.219
6.1391 10.219
6.1405 10.219
6.1419 10.219
6.1433 10.219
6.1448 10.219
6.1462 10.219
6.1476 10.219
6.149 10.219
6.1504 10.219
6.1518 10.219
6.1532 10.219
6.1547 10.219
6.1561 10.219
6.1575 10.219
6.1589 10.219
6.1603 10.219
6.1617 10.219
6.1631 10.219
6.1646 10.219
6.166 10.219
6.1674 10.219
6.1688 10.219
6.1702 10.219
6.1716 10.219
6.173 10.219
6.1745 10.219
6.1759 10.219
6.1773 10.219
6.1787 10.219
6.1801 10.219
6.1815 10.219
6.1829 10.219
6.1844 10.219
6.1858 10.219
6.1872 10.219
6.1886 10.219
6.19 10.219
6.1914 10.219
6.1928 10.219
6.1943 10.219
6.1957 10.219
6.1971 10.219
6.1985 10.219
6.1999 10.219
6.2013 10.219
6.2027 10.219
6.2042 10.219
6.2056 10.219
6.207 10.219
6.2084 10.219
6.2098 10.219
6.2112 10.219
6.2126 10.219
6.2141 10.219
6.2155 10.219
6.2169 10.219
6.2183 10.219
6.2197 10.219
6.2211 10.219
6.2225 10.219
6.224 10.219
6.2254 10.219
6.2268 10.219
6.2282 10.219
6.2296 10.219
6.231 10.219
6.2324 10.219
6.2339 10.219
6.2353 10.219
6.2367 10.219
6.2381 10.219
6.2395 10.219
6.2409 10.219
6.2423 10.219
6.2438 10.219
6.2452 10.219
6.2466 10.219
6.248 10.219
6.2494 10.219
6.2508 10.219
6.2522 10.219
6.2537 10.219
6.2551 10.219
6.2565 10.219
6.2579 10.219
6.2593 10.219
6.2607 10.219
6.2621 10.219
6.2636 10.219
6.265 10.219
6.2664 10.219
6.2678 10.219
6.2692 10.219
6.2706 10.219
6.272 10.219
6.2735 10.219
6.2749 10.219
6.2763 10.219
6.2777 10.219
6.2791 10.219
6.2805 10.219
6.2819 10.219
6.2834 10.219
6.2848 10.219
6.2862 10.219
6.2876 10.219
6.289 10.219
6.2904 10.219
6.2918 10.219
6.2933 10.219
6.2947 10.219
6.2961 10.219
6.2975 10.219
6.2989 10.219
6.3003 10.219
6.3017 10.219
6.3031 10.219
6.3046 10.219
6.306 10.219
6.3074 10.219
6.3088 10.219
6.3102 10.219
6.3116 10.219
6.313 10.219
6.3145 10.219
6.3159 10.219
6.3173 10.219
6.3187 10.219
6.3201 10.219
6.3215 10.219
6.3229 10.219
6.3244 10.219
6.3258 10.219
6.3272 10.219
6.3286 10.219
6.33 10.219
6.3314 10.219
6.3328 10.219
6.3343 10.219
6.3357 10.219
6.3371 10.219
6.3385 10.219
6.3399 10.219
6.3413 10.219
6.3427 10.219
6.3442 10.219
6.3456 10.219
6.347 10.219
6.3484 10.219
6.3498 10.219
6.3512 10.219
6.3526 10.219
6.3541 10.219
6.3555 10.219
6.3569 10.219
6.3583 10.219
6.3597 10.219
6.3611 10.219
6.3625 10.219
6.364 10.219
6.3654 10.219
6.3668 10.219
6.3682 10.219
6.3696 10.219
6.371 10.219
6.3724 10.219
6.3739 10.219
6.3753 10.219
6.3767 10.219
6.3781 10.219
6.3795 10.219
6.3809 10.219
6.3823 10.219
6.3838 10.219
6.3852 10.219
6.3866 10.219
6.388 10.219
6.3894 10.219
6.3908 10.219
6.3922 10.219
6.3937 10.219
6.3951 10.219
6.3965 10.219
6.3979 10.219
6.3993 10.219
6.4007 10.219
6.4021 10.219
6.4036 10.219
6.405 10.219
6.4064 10.219
6.4078 10.219
6.4092 10.219
6.4106 10.219
6.412 10.219
6.4135 10.219
6.4149 10.219
6.4163 10.219
6.4177 10.219
6.4191 10.219
6.4205 10.219
6.4219 10.219
6.4234 10.219
6.4248 10.219
6.4262 10.219
6.4276 10.219
6.429 10.219
6.4304 10.219
6.4318 10.219
6.4333 10.219
6.4347 10.219
6.4361 10.219
6.4375 10.219
6.4389 10.219
6.4403 10.219
6.4417 10.219
6.4432 10.219
6.4446 10.219
6.446 10.219
6.4474 10.219
6.4488 10.219
6.4502 10.219
6.4516 10.219
6.4531 10.219
6.4545 10.219
6.4559 10.219
6.4573 10.219
6.4587 10.219
6.4601 10.219
6.4615 10.219
6.463 10.219
6.4644 10.219
6.4658 10.219
6.4672 10.219
6.4686 10.219
6.47 10.219
6.4714 10.219
6.4729 10.219
6.4743 10.219
6.4757 10.219
6.4771 10.219
6.4785 10.219
6.4799 10.219
6.4813 10.219
6.4828 10.219
6.4842 10.219
6.4856 10.219
6.487 10.219
6.4884 10.219
6.4898 10.219
6.4912 10.219
6.4927 10.219
6.4941 10.219
6.4955 10.219
6.4969 10.219
6.4983 10.219
6.4997 10.219
6.5011 10.219
6.5026 10.219
6.504 10.219
6.5054 10.219
6.5068 10.219
6.5082 10.219
6.5096 10.219
6.511 10.219
6.5125 10.219
6.5139 10.219
6.5153 10.219
6.5167 10.219
6.5181 10.219
6.5195 10.219
6.5209 10.219
6.5224 10.219
6.5238 10.219
6.5252 10.219
6.5266 10.219
6.528 10.219
6.5294 10.219
6.5308 10.219
6.5323 10.219
6.5337 10.219
6.5351 10.219
6.5365 10.219
6.5379 10.219
6.5393 10.219
6.5407 10.219
6.5422 10.219
6.5436 10.219
6.545 10.219
6.5464 10.219
6.5478 10.219
6.5492 10.219
6.5506 10.219
6.5521 10.219
6.5535 10.219
6.5549 10.219
6.5563 10.219
6.5577 10.219
6.5591 10.219
6.5605 10.219
6.562 10.219
6.5634 10.219
6.5648 10.219
6.5662 10.219
6.5676 10.219
6.569 10.219
6.5704 10.219
6.5719 10.219
6.5733 10.219
6.5747 10.219
6.5761 10.219
6.5775 10.219
6.5789 10.219
6.5803 10.219
6.5817 10.219
6.5832 10.219
6.5846 10.219
6.586 10.219
6.5874 10.219
6.5888 10.219
6.5902 10.219
6.5916 10.219
6.5931 10.219
6.5945 10.219
6.5959 10.219
6.5973 10.219
6.5987 10.219
6.6001 10.219
6.6015 10.219
6.603 10.219
6.6044 10.219
6.6058 10.219
6.6072 10.219
6.6086 10.219
6.61 10.219
6.6114 10.219
6.6129 10.219
6.6143 10.219
6.6157 10.219
6.6171 10.219
6.6185 10.219
6.6199 10.219
6.6213 10.219
6.6228 10.219
6.6242 10.219
6.6256 10.219
6.627 10.219
6.6284 10.219
6.6298 10.219
6.6312 10.219
6.6327 10.219
6.6341 10.219
6.6355 10.219
6.6369 10.219
6.6383 10.219
6.6397 10.219
6.6411 10.219
6.6426 10.219
6.644 10.219
6.6454 10.219
6.6468 10.219
6.6482 10.219
6.6496 10.219
6.651 10.219
6.6525 10.219
6.6539 10.219
6.6553 10.219
6.6567 10.219
6.6581 10.219
6.6595 10.219
6.6609 10.219
6.6624 10.219
6.6638 10.219
6.6652 10.219
6.6666 10.219
6.668 10.219
6.6694 10.219
6.6708 10.219
6.6723 10.219
6.6737 10.219
6.6751 10.219
6.6765 10.219
6.6779 10.219
6.6793 10.219
6.6807 10.219
6.6822 10.219
6.6836 10.219
6.685 10.219
6.6864 10.219
6.6878 10.219
6.6892 10.219
6.6906 10.219
6.6921 10.219
6.6935 10.219
6.6949 10.219
6.6963 10.219
6.6977 10.219
6.6991 10.219
6.7005 10.219
6.702 10.219
6.7034 10.219
6.7048 10.219
6.7062 10.219
6.7076 10.219
6.709 10.219
6.7104 10.219
6.7119 10.219
6.7133 10.219
6.7147 10.219
6.7161 10.219
6.7175 10.219
6.7189 10.219
6.7203 10.219
6.7218 10.219
6.7232 10.219
6.7246 10.219
6.726 10.219
6.7274 10.219
6.7288 10.219
6.7302 10.219
6.7317 10.219
6.7331 10.219
6.7345 10.219
6.7359 10.219
6.7373 10.219
6.7387 10.219
6.7401 10.219
6.7416 10.219
6.743 10.219
6.7444 10.219
6.7458 10.219
6.7472 10.219
6.7486 10.219
6.75 10.219
6.7515 10.219
6.7529 10.219
6.7543 10.219
6.7557 10.219
6.7571 10.219
6.7585 10.219
6.7599 10.219
6.7614 10.219
6.7628 10.219
6.7642 10.219
6.7656 10.219
6.767 10.219
6.7684 10.219
6.7698 10.219
6.7713 10.219
6.7727 10.219
6.7741 10.219
6.7755 10.219
6.7769 10.219
6.7783 10.219
6.7797 10.219
6.7812 10.219
6.7826 10.219
6.784 10.219
6.7854 10.219
6.7868 10.219
6.7882 10.219
6.7896 10.219
6.7911 10.219
6.7925 10.219
6.7939 10.219
6.7953 10.219
6.7967 10.219
6.7981 10.219
6.7995 10.219
6.801 10.219
6.8024 10.219
6.8038 10.219
6.8052 10.219
6.8066 10.219
6.808 10.219
6.8094 10.219
6.8109 10.219
6.8123 10.219
6.8137 10.219
6.8151 10.219
6.8165 10.219
6.8179 10.219
6.8193 10.219
6.8208 10.219
6.8222 10.219
6.8236 10.219
6.825 10.219
6.8264 10.219
6.8278 10.219
6.8292 10.219
6.8307 10.219
6.8321 10.219
6.8335 10.219
6.8349 10.219
6.8363 10.219
6.8377 10.219
6.8391 10.219
6.8406 10.219
6.842 10.219
6.8434 10.219
6.8448 10.219
6.8462 10.219
6.8476 10.219
6.849 10.219
6.8505 10.219
6.8519 10.219
6.8533 10.219
6.8547 10.219
6.8561 10.219
6.8575 10.219
6.8589 10.219
6.8603 10.219
6.8618 10.219
6.8632 10.219
6.8646 10.219
6.866 10.219
6.8674 10.219
6.8688 10.219
6.8702 10.219
6.8717 10.219
6.8731 10.219
6.8745 10.219
6.8759 10.219
6.8773 10.219
6.8787 10.219
6.8801 10.219
6.8816 10.219
6.883 10.219
6.8844 10.219
6.8858 10.219
6.8872 10.219
6.8886 10.219
6.89 10.219
6.8915 10.219
6.8929 10.219
6.8943 10.219
6.8957 10.219
6.8971 10.219
6.8985 10.219
6.8999 10.219
6.9014 10.219
6.9028 10.219
6.9042 10.219
6.9056 10.219
6.907 10.219
6.9084 10.219
6.9098 10.219
6.9113 10.219
6.9127 10.219
6.9141 10.219
6.9155 10.219
6.9169 10.219
6.9183 10.219
6.9197 10.219
6.9212 10.219
6.9226 10.219
6.924 10.219
6.9254 10.219
6.9268 10.219
6.9282 10.219
6.9296 10.219
6.9311 10.219
6.9325 10.219
6.9339 10.219
6.9353 10.219
6.9367 10.219
6.9381 10.219
6.9395 10.219
6.941 10.219
6.9424 10.219
6.9438 10.219
6.9452 10.219
6.9466 10.219
6.948 10.219
6.9494 10.219
6.9509 10.219
6.9523 10.219
6.9537 10.219
6.9551 10.219
6.9565 10.219
6.9579 10.219
6.9593 10.219
6.9608 10.219
6.9622 10.219
6.9636 10.219
6.965 10.219
6.9664 10.219
6.9678 10.219
6.9692 10.219
6.9707 10.219
6.9721 10.219
6.9735 10.219
6.9749 10.219
6.9763 10.219
6.9777 10.219
6.9791 10.219
6.9806 10.219
6.982 10.219
6.9834 10.219
6.9848 10.219
6.9862 10.219
6.9876 10.219
6.989 10.219
6.9905 10.219
6.9919 10.219
6.9933 10.219
6.9947 10.219
6.9961 10.219
6.9975 10.219
6.9989 10.219
7.0004 10.219
7.0018 10.219
7.0032 10.219
7.0046 10.219
7.006 10.219
7.0074 10.219
7.0088 10.219
7.0103 10.219
7.0117 10.219
7.0131 10.219
7.0145 10.219
7.0159 10.219
7.0173 10.219
7.0187 10.219
7.0202 10.219
7.0216 10.219
7.023 10.219
7.0244 10.219
7.0258 10.219
7.0272 10.219
7.0286 10.219
7.0301 10.219
7.0315 10.219
7.0329 10.219
7.0343 10.219
7.0357 10.219
7.0371 10.219
7.0385 10.219
7.04 10.219
7.0414 10.219
7.0428 10.219
7.0442 10.219
7.0456 10.219
7.047 10.219
7.0484 10.219
7.0499 10.219
7.0513 10.219
7.0527 10.219
7.0541 10.219
7.0555 10.219
7.0569 10.219
7.0583 10.219
7.0598 10.219
7.0612 10.219
7.0626 10.219
7.064 10.219
7.0654 10.219
7.0668 10.219
7.0682 10.219
7.0697 10.219
7.0711 10.219
7.0725 10.219
7.0739 10.219
7.0753 10.219
7.0767 10.219
7.0781 10.219
7.0796 10.219
7.081 10.219
7.0824 10.219
7.0838 10.219
7.0852 10.219
7.0866 10.219
7.088 10.219
7.0895 10.219
7.0909 10.219
7.0923 10.219
7.0937 10.219
7.0951 10.219
7.0965 10.219
7.0979 10.219
7.0994 10.219
7.1008 10.219
7.1022 10.219
7.1036 10.219
7.105 10.219
7.1064 10.219
7.1078 10.219
7.1093 10.219
7.1107 10.219
7.1121 10.219
7.1135 10.219
7.1149 10.219
7.1163 10.219
7.1177 10.219
7.1192 10.219
7.1206 10.219
7.122 10.219
7.1234 10.219
7.1248 10.219
7.1262 10.219
7.1276 10.219
7.1291 10.219
7.1305 10.219
7.1319 10.219
7.1333 10.219
7.1347 10.219
7.1361 10.219
7.1375 10.219
7.139 10.219
7.1404 10.219
7.1418 10.219
7.1432 10.219
7.1446 10.219
7.146 10.219
7.1474 10.219
7.1488 10.219
7.1503 10.219
7.1517 10.219
7.1531 10.219
7.1545 10.219
7.1559 10.219
7.1573 10.219
7.1587 10.219
7.1602 10.219
7.1616 10.219
7.163 10.219
7.1644 10.219
7.1658 10.219
7.1672 10.219
7.1686 10.219
7.1701 10.219
7.1715 10.219
7.1729 10.219
7.1743 10.219
7.1757 10.219
7.1771 10.219
7.1785 10.219
7.18 10.219
7.1814 10.219
7.1828 10.219
7.1842 10.219
7.1856 10.219
7.187 10.219
7.1884 10.219
7.1899 10.219
7.1913 10.219
7.1927 10.219
7.1941 10.219
7.1955 10.219
7.1969 10.219
7.1983 10.219
7.1998 10.219
7.2012 10.219
7.2026 10.219
7.204 10.219
7.2054 10.219
7.2068 10.219
7.2082 10.219
7.2097 10.219
7.2111 10.219
7.2125 10.219
7.2139 10.219
7.2153 10.219
7.2167 10.219
7.2181 10.219
7.2196 10.219
7.221 10.219
7.2224 10.219
7.2238 10.219
7.2252 10.219
7.2266 10.219
7.228 10.219
7.2295 10.219
7.2309 10.219
7.2323 10.219
7.2337 10.219
7.2351 10.219
7.2365 10.219
7.2379 10.219
7.2394 10.219
7.2408 10.219
7.2422 10.219
7.2436 10.219
7.245 10.219
7.2464 10.219
7.2478 10.219
7.2493 10.219
7.2507 10.219
7.2521 10.219
7.2535 10.219
7.2549 10.219
7.2563 10.219
7.2577 10.219
7.2592 10.219
7.2606 10.219
7.262 10.219
7.2634 10.219
7.2648 10.219
7.2662 10.219
7.2676 10.219
7.2691 10.219
7.2705 10.219
7.2719 10.219
7.2733 10.219
7.2747 10.219
7.2761 10.219
7.2775 10.219
7.279 10.219
7.2804 10.219
7.2818 10.219
7.2832 10.219
7.2846 10.219
7.286 10.219
7.2874 10.219
7.2889 10.219
7.2903 10.219
7.2917 10.219
7.2931 10.219
7.2945 10.219
7.2959 10.219
7.2973 10.219
7.2988 10.219
7.3002 10.219
7.3016 10.219
7.303 10.219
7.3044 10.219
7.3058 10.219
7.3072 10.219
7.3087 10.219
7.3101 10.219
7.3115 10.219
7.3129 10.219
7.3143 10.219
7.3157 10.219
7.3171 10.219
7.3186 10.219
7.32 10.219
7.3214 10.219
7.3228 10.219
7.3242 10.219
7.3256 10.219
7.327 10.219
7.3285 10.219
7.3299 10.219
7.3313 10.219
7.3327 10.219
7.3341 10.219
7.3355 10.219
7.3369 10.219
7.3384 10.219
7.3398 10.219
7.3412 10.219
7.3426 10.219
7.344 10.219
7.3454 10.219
7.3468 10.219
7.3483 10.219
7.3497 10.219
7.3511 10.219
7.3525 10.219
7.3539 10.219
7.3553 10.219
7.3567 10.219
7.3582 10.219
7.3596 10.219
7.361 10.219
7.3624 10.219
7.3638 10.219
7.3652 10.219
7.3666 10.219
7.3681 10.219
7.3695 10.219
7.3709 10.219
7.3723 10.219
7.3737 10.219
7.3751 10.219
7.3765 10.219
7.378 10.219
7.3794 10.219
7.3808 10.219
7.3822 10.219
7.3836 10.219
7.385 10.219
7.3864 10.219
7.3879 10.219
7.3893 10.219
7.3907 10.219
7.3921 10.219
7.3935 10.219
7.3949 10.219
7.3963 10.219
7.3978 10.219
7.3992 10.219
7.4006 10.219
7.402 10.219
7.4034 10.219
7.4048 10.219
7.4062 10.219
7.4077 10.219
7.4091 10.219
7.4105 10.219
7.4119 10.219
7.4133 10.219
7.4147 10.219
7.4161 10.219
7.4176 10.219
7.419 10.219
7.4204 10.219
7.4218 10.219
7.4232 10.219
7.4246 10.219
7.426 10.219
7.4274 10.219
7.4289 10.219
7.4303 10.219
7.4317 10.219
7.4331 10.219
7.4345 10.219
7.4359 10.219
7.4373 10.219
7.4388 10.219
7.4402 10.219
7.4416 10.219
7.443 10.219
7.4444 10.219
7.4458 10.219
7.4472 10.219
7.4487 10.219
7.4501 10.219
7.4515 10.219
7.4529 10.219
7.4543 10.219
7.4557 10.219
7.4571 10.219
7.4586 10.219
7.46 10.219
7.4614 10.219
7.4628 10.219
7.4642 10.219
7.4656 10.219
7.467 10.219
7.4685 10.219
7.4699 10.219
7.4713 10.219
7.4727 10.219
7.4741 10.219
7.4755 10.219
7.4769 10.219
7.4784 10.219
7.4798 10.219
7.4812 10.219
7.4826 10.219
7.484 10.219
7.4854 10.219
7.4868 10.219
7.4883 10.219
7.4897 10.219
7.4911 10.219
7.4925 10.219
7.4939 10.219
7.4953 10.219
7.4967 10.219
7.4982 10.219
7.4996 10.219
7.501 10.219
7.5024 10.219
7.5038 10.219
7.5052 10.219
7.5066 10.219
7.5081 10.219
7.5095 10.219
7.5109 10.219
7.5123 10.219
7.5137 10.219
7.5151 10.219
7.5165 10.219
7.518 10.219
7.5194 10.219
7.5208 10.219
7.5222 10.219
7.5236 10.219
7.525 10.219
7.5264 10.219
7.5279 10.219
7.5293 10.219
7.5307 10.219
7.5321 10.219
7.5335 10.219
7.5349 10.219
7.5363 10.219
7.5378 10.219
7.5392 10.219
7.5406 10.219
7.542 10.219
7.5434 10.219
7.5448 10.219
7.5462 10.219
7.5477 10.219
7.5491 10.219
7.5505 10.219
7.5519 10.219
7.5533 10.219
7.5547 10.219
7.5561 10.219
7.5576 10.219
7.559 10.219
7.5604 10.219
7.5618 10.219
7.5632 10.219
7.5646 10.219
7.566 10.219
7.5675 10.219
7.5689 10.219
7.5703 10.219
7.5717 10.219
7.5731 10.219
7.5745 10.219
7.5759 10.219
7.5774 10.219
7.5788 10.219
7.5802 10.219
7.5816 10.219
7.583 10.219
7.5844 10.219
7.5858 10.219
7.5873 10.219
7.5887 10.219
7.5901 10.219
7.5915 10.219
7.5929 10.219
7.5943 10.219
7.5957 10.219
7.5972 10.219
7.5986 10.219
7.6 10.219
7.6014 10.219
7.6028 10.219
7.6042 10.219
7.6056 10.219
7.6071 10.219
7.6085 10.219
7.6099 10.219
7.6113 10.219
7.6127 10.219
7.6141 10.219
7.6155 10.219
7.617 10.219
7.6184 10.219
7.6198 10.219
7.6212 10.219
7.6226 10.219
7.624 10.219
7.6254 10.219
7.6269 10.219
7.6283 10.219
7.6297 10.219
7.6311 10.219
7.6325 10.219
7.6339 10.219
7.6353 10.219
7.6368 10.219
7.6382 10.219
7.6396 10.219
7.641 10.219
7.6424 10.219
7.6438 10.219
7.6452 10.219
7.6467 10.219
7.6481 10.219
7.6495 10.219
7.6509 10.219
7.6523 10.219
7.6537 10.219
7.6551 10.219
7.6566 10.219
7.658 10.219
7.6594 10.219
7.6608 10.219
7.6622 10.219
7.6636 10.219
7.665 10.219
7.6665 10.219
7.6679 10.219
7.6693 10.219
7.6707 10.219
7.6721 10.219
7.6735 10.219
7.6749 10.219
7.6764 10.219
7.6778 10.219
7.6792 10.219
7.6806 10.219
7.682 10.219
7.6834 10.219
7.6848 10.219
7.6863 10.219
7.6877 10.219
7.6891 10.219
7.6905 10.219
7.6919 10.219
7.6933 10.219
7.6947 10.219
7.6962 10.219
7.6976 10.219
7.699 10.219
7.7004 10.219
7.7018 10.219
7.7032 10.219
7.7046 10.219
7.706 10.219
7.7075 10.219
7.7089 10.219
7.7103 10.219
7.7117 10.219
7.7131 10.219
7.7145 10.219
7.7159 10.219
7.7174 10.219
7.7188 10.219
7.7202 10.219
7.7216 10.219
7.723 10.219
7.7244 10.219
7.7258 10.219
7.7273 10.219
7.7287 10.219
7.7301 10.219
7.7315 10.219
7.7329 10.219
7.7343 10.219
7.7357 10.219
7.7372 10.219
7.7386 10.219
7.74 10.219
7.7414 10.219
7.7428 10.219
7.7442 10.219
7.7456 10.219
7.7471 10.219
7.7485 10.219
7.7499 10.219
7.7513 10.219
7.7527 10.219
7.7541 10.219
7.7555 10.219
7.757 10.219
7.7584 10.219
7.7598 10.219
7.7612 10.219
7.7626 10.219
7.764 10.219
7.7654 10.219
7.7669 10.219
7.7683 10.219
7.7697 10.219
7.7711 10.219
7.7725 10.219
7.7739 10.219
7.7753 10.219
7.7768 10.219
7.7782 10.219
7.7796 10.219
7.781 10.219
7.7824 10.219
7.7838 10.219
7.7852 10.219
7.7867 10.219
7.7881 10.219
7.7895 10.219
7.7909 10.219
7.7923 10.219
7.7937 10.219
7.7951 10.219
7.7966 10.219
7.798 10.219
7.7994 10.219
7.8008 10.219
7.8022 10.219
7.8036 10.219
7.805 10.219
7.8065 10.219
7.8079 10.219
7.8093 10.219
7.8107 10.219
7.8121 10.219
7.8135 10.219
7.8149 10.219
7.8164 10.219
7.8178 10.219
7.8192 10.219
7.8206 10.219
7.822 10.219
7.8234 10.219
7.8248 10.219
7.8263 10.219
7.8277 10.219
7.8291 10.219
7.8305 10.219
7.8319 10.219
7.8333 10.219
7.8347 10.219
7.8362 10.219
7.8376 10.219
7.839 10.219
7.8404 10.219
7.8418 10.219
7.8432 10.219
7.8446 10.219
7.8461 10.219
7.8475 10.219
7.8489 10.219
7.8503 10.219
7.8517 10.219
7.8531 10.219
7.8545 10.219
7.856 10.219
7.8574 10.219
7.8588 10.219
7.8602 10.219
7.8616 10.219
7.863 10.219
7.8644 10.219
7.8659 10.219
7.8673 10.219
7.8687 10.219
7.8701 10.219
7.8715 10.219
7.8729 10.219
7.8743 10.219
7.8758 10.219
7.8772 10.219
7.8786 10.219
7.88 10.219
7.8814 10.219
7.8828 10.219
7.8842 10.219
7.8857 10.219
7.8871 10.219
7.8885 10.219
7.8899 10.219
7.8913 10.219
7.8927 10.219
7.8941 10.219
7.8956 10.219
7.897 10.219
7.8984 10.219
7.8998 10.219
7.9012 10.219
7.9026 10.219
7.904 10.219
7.9055 10.219
7.9069 10.219
7.9083 10.219
7.9097 10.219
7.9111 10.219
7.9125 10.219
7.9139 10.219
7.9154 10.219
7.9168 10.219
7.9182 10.219
7.9196 10.219
7.921 10.219
7.9224 10.219
7.9238 10.219
7.9253 10.219
7.9267 10.219
7.9281 10.219
7.9295 10.219
7.9309 10.219
7.9323 10.219
7.9337 10.219
7.9352 10.219
7.9366 10.219
7.938 10.219
7.9394 10.219
7.9408 10.219
7.9422 10.219
7.9436 10.219
7.9451 10.219
7.9465 10.219
7.9479 10.219
7.9493 10.219
7.9507 10.219
7.9521 10.219
7.9535 10.219
7.955 10.219
7.9564 10.219
7.9578 10.219
7.9592 10.219
7.9606 10.219
7.962 10.219
7.9634 10.219
7.9649 10.219
7.9663 10.219
7.9677 10.219
7.9691 10.219
7.9705 10.219
7.9719 10.219
7.9733 10.219
7.9748 10.219
7.9762 10.219
7.9776 10.219
7.979 10.219
7.9804 10.219
7.9818 10.219
7.9832 10.219
7.9846 10.219
7.9861 10.219
7.9875 10.219
7.9889 10.219
7.9903 10.219
7.9917 10.219
7.9931 10.219
7.9945 10.219
7.996 10.219
7.9974 10.219
7.9988 10.219
8.0002 10.219
8.0016 10.219
8.003 10.219
8.0044 10.219
8.0059 10.219
8.0073 10.219
8.0087 10.219
8.0101 10.219
8.0115 10.219
8.0129 10.219
8.0143 10.219
8.0158 10.219
8.0172 10.219
8.0186 10.219
8.02 10.219
8.0214 10.219
8.0228 10.219
8.0242 10.219
8.0257 10.219
8.0271 10.219
8.0285 10.219
8.0299 10.219
8.0313 10.219
8.0327 10.219
8.0341 10.219
8.0356 10.219
8.037 10.219
8.0384 10.219
8.0398 10.219
8.0412 10.219
8.0426 10.219
8.044 10.219
8.0455 10.219
8.0469 10.219
8.0483 10.219
8.0497 10.219
8.0511 10.219
8.0525 10.219
8.0539 10.219
8.0554 10.219
8.0568 10.219
8.0582 10.219
8.0596 10.219
8.061 10.219
8.0624 10.219
8.0638 10.219
8.0653 10.219
8.0667 10.219
8.0681 10.219
8.0695 10.219
8.0709 10.219
8.0723 10.219
8.0737 10.219
8.0752 10.219
8.0766 10.219
8.078 10.219
8.0794 10.219
8.0808 10.219
8.0822 10.219
8.0836 10.219
8.0851 10.219
8.0865 10.219
8.0879 10.219
8.0893 10.219
8.0907 10.219
8.0921 10.219
8.0935 10.219
8.095 10.219
8.0964 10.219
8.0978 10.219
8.0992 10.219
8.1006 10.219
8.102 10.219
8.1034 10.219
8.1049 10.219
8.1063 10.219
8.1077 10.219
8.1091 10.219
8.1105 10.219
8.1119 10.219
8.1133 10.219
8.1148 10.219
8.1162 10.219
8.1176 10.219
8.119 10.219
8.1204 10.219
8.1218 10.219
8.1232 10.219
8.1247 10.219
8.1261 10.219
8.1275 10.219
8.1289 10.219
8.1303 10.219
8.1317 10.219
8.1331 10.219
8.1346 10.219
8.136 10.219
8.1374 10.219
8.1388 10.219
8.1402 10.219
8.1416 10.219
8.143 10.219
8.1445 10.219
8.1459 10.219
8.1473 10.219
8.1487 10.219
8.1501 10.219
8.1515 10.219
8.1529 10.219
8.1544 10.219
8.1558 10.219
8.1572 10.219
8.1586 10.219
8.16 10.219
8.1614 10.219
8.1628 10.219
8.1643 10.219
8.1657 10.219
8.1671 10.219
8.1685 10.219
8.1699 10.219
8.1713 10.219
8.1727 10.219
8.1742 10.219
8.1756 10.219
8.177 10.219
8.1784 10.219
8.1798 10.219
8.1812 10.219
8.1826 10.219
8.1841 10.219
8.1855 10.219
8.1869 10.219
8.1883 10.219
8.1897 10.219
8.1911 10.219
8.1925 10.219
8.194 10.219
8.1954 10.219
8.1968 10.219
8.1982 10.219
8.1996 10.219
8.201 10.219
8.2024 10.219
8.2039 10.219
8.2053 10.219
8.2067 10.219
8.2081 10.219
8.2095 10.219
8.2109 10.219
8.2123 10.219
8.2138 10.219
8.2152 10.219
8.2166 10.219
8.218 10.219
8.2194 10.219
8.2208 10.219
8.2222 10.219
8.2237 10.219
8.2251 10.219
8.2265 10.219
8.2279 10.219
8.2293 10.219
8.2307 10.219
8.2321 10.219
8.2336 10.219
8.235 10.219
8.2364 10.219
8.2378 10.219
8.2392 10.219
8.2406 10.219
8.242 10.219
8.2435 10.219
8.2449 10.219
8.2463 10.219
8.2477 10.219
8.2491 10.219
8.2505 10.219
8.2519 10.219
8.2534 10.219
8.2548 10.219
8.2562 10.219
8.2576 10.219
8.259 10.219
8.2604 10.219
8.2618 10.219
8.2632 10.219
8.2647 10.219
8.2661 10.219
8.2675 10.219
8.2689 10.219
8.2703 10.219
8.2717 10.219
8.2731 10.219
8.2746 10.219
8.276 10.219
8.2774 10.219
8.2788 10.219
8.2802 10.219
8.2816 10.219
8.283 10.219
8.2845 10.219
8.2859 10.219
8.2873 10.219
8.2887 10.219
8.2901 10.219
8.2915 10.219
8.2929 10.219
8.2944 10.219
8.2958 10.219
8.2972 10.219
8.2986 10.219
8.3 10.219
8.3014 10.219
8.3028 10.219
8.3043 10.219
8.3057 10.219
8.3071 10.219
8.3085 10.219
8.3099 10.219
8.3113 10.219
8.3127 10.219
8.3142 10.219
8.3156 10.219
8.317 10.219
8.3184 10.219
8.3198 10.219
8.3212 10.219
8.3226 10.219
8.3241 10.219
8.3255 10.219
8.3269 10.219
8.3283 10.219
8.3297 10.219
8.3311 10.219
8.3325 10.219
8.334 10.219
8.3354 10.219
8.3368 10.219
8.3382 10.219
8.3396 10.219
8.341 10.219
8.3424 10.219
8.3439 10.219
8.3453 10.219
8.3467 10.219
8.3481 10.219
8.3495 10.219
8.3509 10.219
8.3523 10.219
8.3538 10.219
8.3552 10.219
8.3566 10.219
8.358 10.219
8.3594 10.219
8.3608 10.219
8.3622 10.219
8.3637 10.219
8.3651 10.219
8.3665 10.219
8.3679 10.219
8.3693 10.219
8.3707 10.219
8.3721 10.219
8.3736 10.219
8.375 10.219
8.3764 10.219
8.3778 10.219
8.3792 10.219
8.3806 10.219
8.382 10.219
8.3835 10.219
8.3849 10.219
8.3863 10.219
8.3877 10.219
8.3891 10.219
8.3905 10.219
8.3919 10.219
8.3934 10.219
8.3948 10.219
8.3962 10.219
8.3976 10.219
8.399 10.219
8.4004 10.219
8.4018 10.219
8.4033 10.219
8.4047 10.219
8.4061 10.219
8.4075 10.219
8.4089 10.219
8.4103 10.219
8.4117 10.219
8.4132 10.219
8.4146 10.219
8.416 10.219
8.4174 10.219
8.4188 10.219
8.4202 10.219
8.4216 10.219
8.4231 10.219
8.4245 10.219
8.4259 10.219
8.4273 10.219
8.4287 10.219
8.4301 10.219
8.4315 10.219
8.433 10.219
8.4344 10.219
8.4358 10.219
8.4372 10.219
8.4386 10.219
8.44 10.219
8.4414 10.219
8.4429 10.219
8.4443 10.219
8.4457 10.219
8.4471 10.219
8.4485 10.219
8.4499 10.219
8.4513 10.219
8.4528 10.219
8.4542 10.219
8.4556 10.219
8.457 10.219
8.4584 10.219
8.4598 10.219
8.4612 10.219
8.4627 10.219
8.4641 10.219
8.4655 10.219
8.4669 10.219
8.4683 10.219
8.4697 10.219
8.4711 10.219
8.4726 10.219
8.474 10.219
8.4754 10.219
8.4768 10.219
8.4782 10.219
8.4796 10.219
8.481 10.219
8.4825 10.219
8.4839 10.219
8.4853 10.219
8.4867 10.219
8.4881 10.219
8.4895 10.219
8.4909 10.219
8.4924 10.219
8.4938 10.219
8.4952 10.219
8.4966 10.219
8.498 10.219
8.4994 10.219
8.5008 10.219
8.5023 10.219
8.5037 10.219
8.5051 10.219
8.5065 10.219
8.5079 10.219
8.5093 10.219
8.5107 10.219
8.5122 10.219
8.5136 10.219
8.515 10.219
8.5164 10.219
8.5178 10.219
8.5192 10.219
8.5206 10.219
8.5221 10.219
8.5235 10.219
8.5249 10.219
8.5263 10.219
8.5277 10.219
8.5291 10.219
8.5305 10.219
8.532 10.219
8.5334 10.219
8.5348 10.219
8.5362 10.219
8.5376 10.219
8.539 10.219
8.5404 10.219
8.5418 10.219
8.5433 10.219
8.5447 10.219
8.5461 10.219
8.5475 10.219
8.5489 10.219
8.5503 10.219
8.5517 10.219
8.5532 10.219
8.5546 10.219
8.556 10.219
8.5574 10.219
8.5588 10.219
8.5602 10.219
8.5616 10.219
8.5631 10.219
8.5645 10.219
8.5659 10.219
8.5673 10.219
8.5687 10.219
8.5701 10.219
8.5715 10.219
8.573 10.219
8.5744 10.219
8.5758 10.219
8.5772 10.219
8.5786 10.219
8.58 10.219
8.5814 10.219
8.5829 10.219
8.5843 10.219
8.5857 10.219
8.5871 10.219
8.5885 10.219
8.5899 10.219
8.5913 10.219
8.5928 10.219
8.5942 10.219
8.5956 10.219
8.597 10.219
8.5984 10.219
8.5998 10.219
8.6012 10.219
8.6027 10.219
8.6041 10.219
8.6055 10.219
8.6069 10.219
8.6083 10.219
8.6097 10.219
8.6111 10.219
8.6126 10.219
8.614 10.219
8.6154 10.219
8.6168 10.219
8.6182 10.219
8.6196 10.219
8.621 10.219
8.6225 10.219
8.6239 10.219
8.6253 10.219
8.6267 10.219
8.6281 10.219
8.6295 10.219
8.6309 10.219
8.6324 10.219
8.6338 10.219
8.6352 10.219
8.6366 10.219
8.638 10.219
8.6394 10.219
8.6408 10.219
8.6423 10.219
8.6437 10.219
8.6451 10.219
8.6465 10.219
8.6479 10.219
8.6493 10.219
8.6507 10.219
8.6522 10.219
8.6536 10.219
8.655 10.219
8.6564 10.219
8.6578 10.219
8.6592 10.219
8.6606 10.219
8.6621 10.219
8.6635 10.219
8.6649 10.219
8.6663 10.219
8.6677 10.219
8.6691 10.219
8.6705 10.219
8.672 10.219
8.6734 10.219
8.6748 10.219
8.6762 10.219
8.6776 10.219
8.679 10.219
8.6804 10.219
8.6819 10.219
8.6833 10.219
8.6847 10.219
8.6861 10.219
8.6875 10.219
8.6889 10.219
8.6903 10.219
8.6918 10.219
8.6932 10.219
8.6946 10.219
8.696 10.219
8.6974 10.219
8.6988 10.219
8.7002 10.219
8.7017 10.219
8.7031 10.219
8.7045 10.219
8.7059 10.219
8.7073 10.219
8.7087 10.219
8.7101 10.219
8.7116 10.219
8.713 10.219
8.7144 10.219
8.7158 10.219
8.7172 10.219
8.7186 10.219
8.72 10.219
8.7215 10.219
8.7229 10.219
8.7243 10.219
8.7257 10.219
8.7271 10.219
8.7285 10.219
8.7299 10.219
8.7314 10.219
8.7328 10.219
8.7342 10.219
8.7356 10.219
8.737 10.219
8.7384 10.219
8.7398 10.219
8.7413 10.219
8.7427 10.219
8.7441 10.219
8.7455 10.219
8.7469 10.219
8.7483 10.219
8.7497 10.219
8.7512 10.219
8.7526 10.219
8.754 10.219
8.7554 10.219
8.7568 10.219
8.7582 10.219
8.7596 10.219
8.7611 10.219
8.7625 10.219
8.7639 10.219
8.7653 10.219
8.7667 10.219
8.7681 10.219
8.7695 10.219
8.771 10.219
8.7724 10.219
8.7738 10.219
8.7752 10.219
8.7766 10.219
8.778 10.219
8.7794 10.219
8.7809 10.219
8.7823 10.219
8.7837 10.219
8.7851 10.219
8.7865 10.219
8.7879 10.219
8.7893 10.219
8.7908 10.219
8.7922 10.219
8.7936 10.219
8.795 10.219
8.7964 10.219
8.7978 10.219
8.7992 10.219
8.8007 10.219
8.8021 10.219
8.8035 10.219
8.8049 10.219
8.8063 10.219
8.8077 10.219
8.8091 10.219
8.8106 10.219
8.812 10.219
8.8134 10.219
8.8148 10.219
8.8162 10.219
8.8176 10.219
8.819 10.219
8.8204 10.219
8.8219 10.219
8.8233 10.219
8.8247 10.219
8.8261 10.219
8.8275 10.219
8.8289 10.219
8.8303 10.219
8.8318 10.219
8.8332 10.219
8.8346 10.219
8.836 10.219
8.8374 10.219
8.8388 10.219
8.8402 10.219
8.8417 10.219
8.8431 10.219
8.8445 10.219
8.8459 10.219
8.8473 10.219
8.8487 10.219
8.8501 10.219
8.8516 10.219
8.853 10.219
8.8544 10.219
8.8558 10.219
8.8572 10.219
8.8586 10.219
8.86 10.219
8.8615 10.219
8.8629 10.219
8.8643 10.219
8.8657 10.219
8.8671 10.219
8.8685 10.219
8.8699 10.219
8.8714 10.219
8.8728 10.219
8.8742 10.219
8.8756 10.219
8.877 10.219
8.8784 10.219
8.8798 10.219
8.8813 10.219
8.8827 10.219
8.8841 10.219
8.8855 10.219
8.8869 10.219
8.8883 10.219
8.8897 10.219
8.8912 10.219
8.8926 10.219
8.894 10.219
8.8954 10.219
8.8968 10.219
8.8982 10.219
8.8996 10.219
8.9011 10.219
8.9025 10.219
8.9039 10.219
8.9053 10.219
8.9067 10.219
8.9081 10.219
8.9095 10.219
8.911 10.219
8.9124 10.219
8.9138 10.219
8.9152 10.219
8.9166 10.219
8.918 10.219
8.9194 10.219
8.9209 10.219
8.9223 10.219
8.9237 10.219
8.9251 10.219
8.9265 10.219
8.9279 10.219
8.9293 10.219
8.9308 10.219
8.9322 10.219
8.9336 10.219
8.935 10.219
8.9364 10.219
8.9378 10.219
8.9392 10.219
8.9407 10.219
8.9421 10.219
8.9435 10.219
8.9449 10.219
8.9463 10.219
8.9477 10.219
8.9491 10.219
8.9506 10.219
8.952 10.219
8.9534 10.219
8.9548 10.219
8.9562 10.219
8.9576 10.219
8.959 10.219
8.9605 10.219
8.9619 10.219
8.9633 10.219
8.9647 10.219
8.9661 10.219
8.9675 10.219
8.9689 10.219
8.9704 10.219
8.9718 10.219
8.9732 10.219
8.9746 10.219
8.976 10.219
8.9774 10.219
8.9788 10.219
8.9803 10.219
8.9817 10.219
8.9831 10.219
8.9845 10.219
8.9859 10.219
8.9873 10.219
8.9887 10.219
8.9902 10.219
8.9916 10.219
8.993 10.219
8.9944 10.219
8.9958 10.219
8.9972 10.219
8.9986 10.219
