0 10
0.0014142 10
0.0028284 10
0.0042426 10
0.0056569 10
0.0070711 10
0.0084853 10
0.0098995 10
0.011314 10
0.012728 10
0.014142 10
0.015556 10
0.016971 10
0.018385 10
0.019799 10
0.021213 10
0.022627 10
0.024042 10
0.025456 10
0.02687 10
0.028284 10
0.029698 10
0.031113 10
0.032527 10
0.033941 10
0.035355 10
0.03677 10
0.038184 10
0.039598 10
0.041012 10
0.042426 10
0.043841 10
0.045255 10
0.046669 10
0.048083 10
0.049497 10
0.050912 10
0.052326 10
0.05374 10
0.055154 10
0.056569 10
0.057983 10
0.059397 10
0.060811 10
0.062225 10
0.06364 10
0.065054 10
0.066468 10
0.067882 10
0.069296 10
0.070711 10
0.072125 10
0.073539 10
0.074953 10
0.076368 10
0.077782 10
0.079196 10
0.08061 10
0.082024 10
0.083439 10
0.084853 10
0.086267 10
0.087681 10
0.089095 10
0.09051 10
0.091924 10
0.093338 10
0.094752 10
0.096167 10
0.097581 10
0.098995 10
0.10041 10
0.10182 10
0.10324 10
0.10465 10
0.10607 10
0.10748 10
0.10889 10
0.11031 10
0.11172 10
0.11314 10
0.11455 10
0.11597 10
0.11738 10
0.11879 10
0.12021 10
0.12162 10
0.12304 10
0.12445 10
0.12587 10
0.12728 10
0.12869 10
0.13011 10
0.13152 10
0.13294 10
0.13435 10
0.13576 10
0.13718 10
0.13859 10
0.14001 10
0.14142 10
0.14284 10
0.14425 10
0.14566 10
0.14708 10
0.14849 10
0.14991 10
0.15132 10
0.15274 10
0.15415 10
0.15556 10
0.15698 10
0.15839 10
0.15981 10
0.16122 10
0.16263 10
0.16405 10
0.16546 10
0.16688 10
0.16829 10
0.16971 10
0.17112 10
0.17253 10
0.17395 10
0.17536 10
0.17678 10
0.17819 10
0.17961 10
0.18102 10
0.18243 10
0.18385 10
0.18526 10
0.18668 10
0.18809 10
0.1895 10
0.19092 10
0.19233 10
0.19375 10
0.19516 10
0.19658 10
0.19799 10
0.1994 10
0.20082 10
0.20223 10
0.20365 10
0.20506 10
0.20648 10
0.20789 10
0.2093 10
0.21072 10
0.21213 10
0.21355 10
0.21496 10
0.21637 10
0.21779 10
0.2192 10
0.22062 10
0.22203 10
0.22345 10
0.22486 10
0.22627 10
0.22769 10
0.2291 10
0.23052 10
0.23193 10
0.23335 10
0.23476 10
0.23617 10
0.23759 10
0.239 10
0.24042 10
0.24183 10
0.24324 10
0.24466 10
0.24607 10
0.24749 10
0.2489 10
0.25032 10
0.25173 10
0.25314 10
0.25456 10
0.25597 10
0.25739 10
0.2588 10
0.26022 10
0.26163 10
0.26304 10
0.26446 10
0.26587 10
0.26729 10
0.2687 10
0.27011 10
0.27153 10
0.27294 10
0.27436 10
0.27577 10
0.27719 10
0.2786 10
0.28001 10
0.28143 10
0.28284 10
0.28426 10
0.28567 10
0.28709 10
0.2885 10
0.28991 10
0.29133 10
0.29274 10
0.29416 10
0.29557 10
0.29698 10
0.2984 10
0.29981 10
0.30123 10
0.30264 10
0.30406 10
0.30547 10
0.30688 10
0.3083 10
0.30971 10
0.31113 10
0.31254 10
0.31396 10
0.31537 10
0.31678 10
0.3182 10
0.31961 10
0.32103 10
0.32244 10
0.32385 10
0.32527 10
0.32668 10
0.3281 10
0.32951 10
0.33093 10
0.33234 10
0.33375 10
0.33517 10
0.33658 10
0.338 10
0.33941 10
0.34083 10
0.34224 10
0.34365 10
0.34507 10
0.34648 10
0.3479 10
0.34931 10
0.35072 10
0.35214 10
0.35355 10
0.35497 10
0.35638 10
0.3578 10
0.35921 10
0.36062 10
0.36204 10
0.36345 10
0.36487 10
0.36628 10
0.3677 10
0.36911 10
0.37052 10
0.37194 10
0.37335 10
0.37477 10
0.37618 10
0.3776 10
0.37901 10
0.38042 10
0.38184 10
0.38325 10
0.38467 10
0.38608 10
0.38749 10
0.38891 10
0.39032 10
0.39174 10
0.39315 10
0.39457 10
0.39598 10
0.39739 10
0.39881 10
0.40022 10
0.40164 10
0.40305 10
0.40447 10
0.40588 10
0.40729 10
0.40871 10
0.41012 10
0.41154 10
0.41295 10
0.41436 10
0.41578 10
0.41719 10
0.41861 10
0.42002 10
0.42144 10
0.42285 10
0.42426 10
0.42568 10
0.42709 10
0.42851 10
0.42992 10
0.43134 10
0.43275 10
0.43416 10
0.43558 10
0.43699 10
0.43841 10
0.43982 10
0.44123 10
0.44265 10
0.44406 10
0.44548 10
0.44689 10
0.44831 10
0.44972 10
0.45113 10
0.45255 10
0.45396 10
0.45538 10
0.45679 10
0.45821 10
0.45962 10
0.46103 10
0.46245 10
0.46386 10
0.46528 10
0.46669 10
0.4681 10
0.46952 10
0.47093 10
0.47235 10
0.47376 10
0.47518 10
0.47659 10
0.478 10
0.47942 10
0.48083 10
0.48225 10
0.48366 10
0.48508 10
0.48649 10
0.4879 10
0.48932 10
0.49073 10
0.49215 10
0.49356 10
0.49497 10
0.49639 10
0.4978 10
0.49922 10
0.50063 10
0.50205 10
0.50346 10
0.50487 10
0.50629 10
0.5077 10
0.50912 10
0.51053 10
0.51195 10
0.51336 10
0.51477 10
0.51619 10
0.5176 10
0.51902 10
0.52043 10
0.52184 10
0.52326 10
0.52467 10
0.52609 10
0.5275 10
0.52892 10
0.53033 10
0.53174 10
0.53316 10
0.53457 10
0.53599 10
0.5374 10
0.53882 10
0.54023 10
0.54164 10
0.54306 10
0.54447 10
0.54589 10
0.5473 10
0.54871 10
0.55013 10
0.55154 10
0.55296 10
0.55437 10
0.55579 10
0.5572 10
0.55861 10
0.56003 10
0.56144 10
0.56286 10
0.56427 10
0.56569 10
0.5671 10
0.56851 10
0.56993 10
0.57134 10
0.57276 10
0.57417 10
0.57558 10
0.577 10
0.57841 10
0.57983 10
0.58124 10
0.58266 10
0.58407 10
0.58548 10
0.5869 10
0.58831 10
0.58973 10
0.59114 10
0.59256 10
0.59397 10
0.59538 10
0.5968 10
0.59821 10
0.59963 10
0.60104 10
0.60245 10
0.60387 10
0.60528 10
0.6067 10
0.60811 10
0.60953 10
0.61094 10
0.61235 10
0.61377 10
0.61518 10
0.6166 10
0.61801 10
0.61943 10
0.62084 10
0.62225 10
0.62367 10
0.62508 10
0.6265 10
0.62791 10
0.62933 10
0.63074 10
0.63215 10
0.63357 10
0.63498 10
0.6364 10
0.63781 10
0.63922 10
0.64064 10
0.64205 10
0.64347 10
0.64488 10
0.6463 10
0.64771 10
0.64912 10
0.65054 10
0.65195 10
0.65337 10
0.65478 10
0.6562 10
0.65761 10
0.65902 10
0.66044 10
0.66185 10
0.66327 10
0.66468 10
0.66609 10
0.66751 10
0.66892 10
0.67034 10
0.67175 10
0.67317 10
0.67458 10
0.67599 10
0.67741 10
0.67882 10
0.68024 10
0.68165 10
0.68307 10
0.68448 10
0.68589 10
0.68731 10
0.68872 10
0.69014 10
0.69155 10
0.69296 10
0.69438 10
0.69579 10
0.69721 10
0.69862 10
0.70004 10
0.70145 10
0.70286 10
0.70428 10
0.70569 10
0.70711 10
0.70852 10
0.70994 10
0.71135 10
0.71276 10
0.71418 10
0.71559 10
0.71701 10
0.71842 10
0.71983 10
0.72125 10
0.72266 10
0.72408 10
0.72549 10
0.72691 10
0.72832 10
0.72973 10
0.73115 10
0.73256 10
0.73398 10
0.73539 10
0.73681 10
0.73822 10
0.73963 10
0.74105 10
0.74246 10
0.74388 10
0.74529 10
0.7467 10
0.74812 10
0.74953 10
0.75095 10
0.75236 10
0.75378 10
0.75519 10
0.7566 10
0.75802 10
0.75943 10
0.76085 10
0.76226 10
0.76368 10
0.76509 10
0.7665 10
0.76792 10
0.76933 10
0.77075 10
0.77216 10
0.77357 10
0.77499 10
0.7764 10
0.77782 10
0.77923 10
0.78065 10
0.78206 10
0.78347 10
0.78489 10
0.7863 10
0.78772 10
0.78913 10
0.79055 10
0.79196 10
0.79337 10
0.79479 10
0.7962 10
0.79762 10
0.79903 10
0.80044 10
0.80186 10
0.80327 10
0.80469 10
0.8061 10
0.80752 10
0.80893 10
0.81034 10
0.81176 10
0.81317 10
0.81459 10
0.816 10
0.81742 10
0.81883 10
0.82024 10
0.82166 10
0.82307 10
0.82449 10
0.8259 10
0.82731 10
0.82873 10
0.83014 10
0.83156 10
0.83297 10
0.83439 10
0.8358 10
0.83721 10
0.83863 10
0.84004 10
0.84146 10
0.84287 10
0.84429 10
0.8457 10
0.84711 10
0.84853 10
0.84994 10
0.85136 10
0.85277 10
0.85418 10
0.8556 10
0.85701 10
0.85843 10
0.85984 10
0.86126 10
0.86267 10
0.86408 10
0.8655 10
0.86691 10
0.86833 10
0.86974 10
0.87116 10
0.87257 10
0.87398 10
0.8754 10
0.87681 10
0.87823 10
0.87964 10
0.88106 10
0.88247 10
0.88388 10
0.8853 10
0.88671 10
0.88813 10
0.88954 10
0.89095 10
0.89237 10
0.89378 10
0.8952 10
0.89661 10
0.89803 10
0.89944 10
0.90085 10
0.90227 10
0.90368 10
0.9051 10
0.90651 10
0.90793 10
0.90934 10
0.91075 10
0.91217 10
0.91358 10
0.915 10
0.91641 10
0.91782 10
0.91924 10
0.92065 10
0.92207 10
0.92348 10
0.9249 10
0.92631 10
0.92772 10
0.92914 10
0.93055 10
0.93197 10
0.93338 10
0.9348 10
0.93621 10
0.93762 10
0.93904 10
0.94045 10
0.94187 10
0.94328 10
0.94469 10
0.94611 10
0.94752 10
0.94894 10
0.95035 10
0.95177 10
0.95318 10
0.95459 10
0.95601 10
0.95742 10
0.95884 10
0.96025 10
0.96167 10
0.96308 10
0.96449 10
0.96591 10
0.96732 10
0.96874 10
0.97015 10
0.97156 10
0.97298 10
0.97439 10
0.97581 10
0.97722 10
0.97864 10
0.98005 10
0.98146 10
0.98288 10
0.98429 10
0.98571 10
0.98712 10
0.98854 10
0.98995 10
0.99136 10
0.99278 10
0.99419 10
0.99561 10
0.99702 10
0.99843 10
0.99985 10
1.0013 10
1.0027 10
1.0041 10
1.0055 10
1.0069 10
1.0083 10
1.0097 10
1.0112 10
1.0126 10
1.014 10
1.0154 10
1.0168 10
1.0182 10
1.0196 10
1.0211 10
1.0225 10
1.0239 10
1.0253 10
1.0267 10
1.0281 10
1.0295 10
1.031 10
1.0324 10
1.0338 10
1.0352 10
1.0366 10
1.038 10
1.0394 10
1.0409 10
1.0423 10
1.0437 10
1.0451 10
1.0465 10
1.0479 10
1.0493 10
1.0508 10
1.0522 10
1.0536 10
1.055 10
1.0564 10
1.0578 10
1.0592 10
1.0607 10
1.0621 10
1.0635 10
1.0649 10
1.0663 10
1.0677 10
1.0691 10
1.0706 10
1.072 10
1.0734 10
1.0748 10
1.0762 10
1.0776 10
1.079 10
1.0805 10
1.0819 10
1.0833 10
1.0847 10
1.0861 10
1.0875 10
1.0889 10
1.0904 10
1.0918 10
1.0932 10
1.0946 10
1.096 10
1.0974 10
1.0988 10
1.1003 10
1.1017 10
1.1031 10
1.1045 10
1.1059 10
1.1073 10
1.1087 10
1.1102 10
1.1116 10
1.113 10
1.1144 10
1.1158 10
1.1172 10
1.1186 10
1.1201 10
1.1215 10
1.1229 10
1.1243 10
1.1257 10
1.1271 10
1.1285 10
1.13 10
1.1314 10
1.1328 10
1.1342 10
1.1356 10
1.137 10
1.1384 10
1.1399 10
1.1413 10
1.1427 10
1.1441 10
1.1455 10
1.1469 10
1.1483 10
1.1498 10
1.1512 10
1.1526 10
1.154 10
1.1554 10
1.1568 10
1.1582 10
1.1597 10
1.1611 10
1.1625 10
1.1639 10
1.1653 10
1.1667 10
1.1681 10
1.1696 10
1.171 10
1.1724 10
1.1738 10
1.1752 10
1.1766 10
1.178 10
1.1795 10
1.1809 10
1.1823 10
1.1837 10
1.1851 10
1.1865 10
1.1879 10
1.1894 10
1.1908 10
1.1922 10
1.1936 10
1.195 10
1.1964 10
1.1978 10
1.1993 10
1.2007 10
1.2021 10
1.2035 10
1.2049 10
1.2063 10
1.2077 10
1.2092 10
1.2106 10
1.212 10
1.2134 10
1.2148 10
1.2162 10
1.2176 10
1.2191 10
1.2205 10
1.2219 10
1.2233 10
1.2247 10
1.2261 10
1.2275 10
1.229 10
1.2304 10
1.2318 10
1.2332 10
1.2346 10
1.236 10
1.2374 10
1.2389 10
1.2403 10
1.2417 10
1.2431 10
1.2445 10
1.2459 10
1.2473 10
1.2488 10
1.2502 10
1.2516 10
1.253 10
1.2544 10
1.2558 10
1.2572 10
1.2587 10
1.2601 10
1.2615 10
1.2629 10
1.2643 10
1.2657 10
1.2671 10
1.2685 10
1.27 10
1.2714 10
1.2728 10
1.2742 10
1.2756 10
1.277 10
1.2784 10
1.2799 10
1.2813 10
1.2827 10
1.2841 10
1.2855 10
1.2869 10
1.2883 10
1.2898 10
1.2912 10
1.2926 10
1.294 10
1.2954 10
1.2968 10
1.2982 10
1.2997 10
1.3011 10
1.3025 10
1.3039 10
1.3053 10
1.3067 10
1.3081 10
1.3096 10
1.311 10
1.3124 10
1.3138 10
1.3152 10
1.3166 10
1.318 10
1.3195 10
1.3209 10
1.3223 10
1.3237 10
1.3251 10
1.3265 10
1.3279 10
1.3294 10
1.3308 10
1.3322 10
1.3336 10
1.335 10
1.3364 10
1.3378 10
1.3393 10
1.3407 10
1.3421 10
1.3435 10
1.3449 10
1.3463 10
1.3477 10
1.3492 10
1.3506 10
1.352 10
1.3534 10
1.3548 10
1.3562 10
1.3576 10
1.3591 10
1.3605 10
1.3619 10
1.3633 10
1.3647 10
1.3661 10
1.3675 10
1.369 10
1.3704 10
1.3718 10
1.3732 10
1.3746 10
1.376 10
1.3774 10
1.3789 10
1.3803 10
1.3817 10
1.3831 10
1.3845 10
1.3859 10
1.3873 10
1.3888 10
1.3902 10
1.3916 10
1.393 10
1.3944 10
1.3958 10
1.3972 10
1.3987 10
1.4001 10
1.4015 10
1.4029 10
1.4043 10
1.4057 10
1.4071 10
1.4086 10
1.41 10
1.4114 10
1.4128 10
1.4142 10
1.4156 10
1.417 10
1.4185 10
1.4199 10
1.4213 10
1.4227 10
1.4241 10
1.4255 10
1.4269 10
1.4284 10
1.4298 10
1.4312 10
1.4326 10
1.434 10
1.4354 10
1.4368 10
1.4383 10
1.4397 10
1.4411 10
1.4425 10
1.4439 10
1.4453 10
1.4467 10
1.4482 10
1.4496 10
1.451 10
1.4524 10
1.4538 10
1.4552 10
1.4566 10
1.4581 10
1.4595 10
1.4609 10
1.4623 10
1.4637 10
1.4651 10
1.4665 10
1.468 10
1.4694 10
1.4708 10
1.4722 10
1.4736 10
1.475 10
1.4764 10
1.4779 10
1.4793 10
1.4807 10
1.4821 10
1.4835 10
1.4849 10
1.4863 10
1.4878 10
1.4892 10
1.4906 10
1.492 10
1.4934 10
1.4948 10
1.4962 10
1.4977 10
1.4991 10
1.5005 10
1.5019 10
1.5033 10
1.5047 10
1.5061 10
1.5076 10
1.509 10
1.5104 10
1.5118 10
1.5132 10
1.5146 10
1.516 10
1.5175 10
1.5189 10
1.5203 10
1.5217 10
1.5231 10
1.5245 10
1.5259 10
1.5274 10
1.5288 10
1.5302 10
1.5316 10
1.533 10
1.5344 10
1.5358 10
1.5373 10
1.5387 10
1.5401 10
1.5415 10
1.5429 10
1.5443 10
1.5457 10
1.5471 10
1.5486 10
1.55 10
1.5514 10
1.5528 10
1.5542 10
1.5556 10
1.557 10
1.5585 10
1.5599 10
1.5613 10
1.5627 10
1.5641 10
1.5655 10
1.5669 10
1.5684 10
1.5698 10
1.5712 10
1.5726 10
1.574 10
1.5754 10
1.5768 10
1.5783 10
1.5797 10
1.5811 10
1.5825 10
1.5839 10
1.5853 10
1.5867 10
1.5882 10
1.5896 10
1.591 10
1.5924 10
1.5938 10
1.5952 10
1.5966 10
1.5981 10
1.5995 10
1.6009 10
1.6023 10
1.6037 10
1.6051 10
1.6065 10
1.608 10
1.6094 10
1.6108 10
1.6122 10
1.6136 10
1.615 10
1.6164 10
1.6179 10
1.6193 10
1.6207 10
1.6221 10
1.6235 10
1.6249 10
1.6263 10
1.6278 10
1.6292 10
1.6306 10
1.632 10
1.6334 10
1.6348 10
1.6362 10
1.6377 10
1.6391 10
1.6405 10
1.6419 10
1.6433 10
1.6447 10
1.6461 10
1.6476 10
1.649 10
1.6504 10
1.6518 10
1.6532 10
1.6546 10
1.656 10
1.6575 10
1.6589 10
1.6603 10
1.6617 10
1.6631 10
1.6645 10
1.6659 10
1.6674 10
1.6688 10
1.6702 10
1.6716 10
1.673 10
1.6744 10
1.6758 10
1.6773 10
1.6787 10
1.6801 10
1.6815 10
1.6829 10
1.6843 10
1.6857 10
1.6872 10
1.6886 10
1.69 10
1.6914 10
1.6928 10
1.6942 10
1.6956 10
1.6971 10
1.6985 10
1.6999 10
1.7013 10
1.7027 10
1.7041 10
1.7055 10
1.707 10
1.7084 10
1.7098 10
1.7112 10
1.7126 10
1.714 10
1.7154 10
1.7169 10
1.7183 10
1.7197 10
1.7211 10
1.7225 10
1.7239 10
1.7253 10
1.7268 10
1.7282 10
1.7296 10
1.731 10
1.7324 10
1.7338 10
1.7352 10
1.7367 10
1.7381 10
1.7395 10
1.7409 10
1.7423 10
1.7437 10
1.7451 10
1.7466 10
1.748 10
1.7494 10
1.7508 10
1.7522 10
1.7536 10
1.755 10
1.7565 10
1.7579 10
1.7593 10
1.7607 10
1.7621 10
1.7635 10
1.7649 10
1.7664 10
1.7678 10
1.7692 10
1.7706 10
1.772 10
1.7734 10
1.7748 10
1.7763 10
1.7777 10
1.7791 10
1.7805 10
1.7819 10
1.7833 10
1.7847 10
1.7862 10
1.7876 10
1.789 10
1.7904 10
1.7918 10
1.7932 10
1.7946 10
1.7961 10
1.7975 10
1.7989 10
1.8003 10
1.8017 10
1.8031 10
1.8045 10
1.806 10
1.8074 10
1.8088 10
1.8102 10
1.8116 10
1.813 10
1.8144 10
1.8159 10
1.8173 10
1.8187 10
1.8201 10
1.8215 10
1.8229 10
1.8243 10
1.8257 10
1.8272 10
1.8286 10
1.83 10
1.8314 10
1.8328 10
1.8342 10
1.8356 10
1.8371 10
1.8385 10
1.8399 10
1.8413 10
1.8427 10
1.8441 10
1.8455 10
1.847 10
1.8484 10
1.8498 10
1.8512 10
1.8526 10
1.854 10
1.8554 10
1.8569 10
1.8583 10
1.8597 10
1.8611 10
1.8625 10
1.8639 10
1.8653 10
1.8668 10
1.8682 10
1.8696 10
1.871 10
1.8724 10
1.8738 10
1.8752 10
1.8767 10
1.8781 10
1.8795 10
1.8809 10
1.8823 10
1.8837 10
1.8851 10
1.8866 10
1.888 10
1.8894 10
1.8908 10
1.8922 10
1.8936 10
1.895 10
1.8965 10
1.8979 10
1.8993 10
1.9007 10
1.9021 10
1.9035 10
1.9049 10
1.9064 10
1.9078 10
1.9092 10
1.9106 10
1.912 10
1.9134 10
1.9148 10
1.9163 10
1.9177 10
1.9191 10
1.9205 10
1.9219 10
1.9233 10
1.9247 10
1.9262 10
1.9276 10
1.929 10
1.9304 10
1.9318 10
1.9332 10
1.9346 10
1.9361 10
1.9375 10
1.9389 10
1.9403 10
1.9417 10
1.9431 10
1.9445 10
1.946 10
1.9474 10
1.9488 10
1.9502 10
1.9516 10
1.953 10
1.9544 10
1.9559 10
1.9573 10
1.9587 10
1.9601 10
1.9615 10
1.9629 10
1.9643 10
1.9658 10
1.9672 10
1.9686 10
1.97 10
1.9714 10
1.9728 10
1.9742 10
1.9757 10
1.9771 10
1.9785 10
1.9799 10
1.9813 10
1.9827 10
1.9841 10
1.9856 10
1.987 10
1.9884 10
1.9898 10
1.9912 10
1.9926 10
1.994 10
1.9955 10
1.9969 10
1.9983 10
1.9997 10
2.0011 10
2.0025 10
2.0039 10
2.0054 10
2.0068 10
2.0082 10
2.0096 10
2.011 10
2.0124 10
2.0138 10
2.0153 10
2.0167 10
2.0181 10
2.0195 10
2.0209 10
2.0223 10
2.0237 10
2.0252 10
2.0266 10
2.028 10
2.0294 10
2.0308 10
2.0322 10
2.0336 10
2.0351 10
2.0365 10
2.0379 10
2.0393 10
2.0407 10
2.0421 10
2.0435 10
2.045 10
2.0464 10
2.0478 10
2.0492 10
2.0506 10
2.052 10
2.0534 10
2.0549 10
2.0563 10
2.0577 10
2.0591 10
2.0605 10
2.0619 10
2.0633 10
2.0648 10
2.0662 10
2.0676 10
2.069 10
2.0704 10
2.0718 10
2.0732 10
2.0747 10
2.0761 10
2.0775 10
2.0789 10
2.0803 10
2.0817 10
2.0831 10
2.0846 10
2.086 10
2.0874 10
2.0888 10
2.0902 10
2.0916 10
2.093 10
2.0945 10
2.0959 10
2.0973 10
2.0987 10
2.1001 10
2.1015 10
2.1029 10
2.1043 10
2.1058 10
2.1072 10
2.1086 10
2.11 10
2.1114 10
2.1128 10
2.1142 10
2.1157 10
2.1171 10
2.1185 10
2.1199 10
2.1213 10
2.1227 10
2.1241 10
2.1256 10
2.127 10
2.1284 10
2.1298 10
2.1312 10
2.1326 10
2.134 10
2.1355 10
2.1369 10
2.1383 10
2.1397 10
2.1411 10
2.1425 10
2.1439 10
2.1454 10
2.1468 10
2.1482 10
2.1496 10
2.151 10
2.1524 10
2.1538 10
2.1553 10
2.1567 10
2.1581 10
2.1595 10
2.1609 10
2.1623 10
2.1637 10
2.1652 10
2.1666 10
2.168 10
2.1694 10
2.1708 10
2.1722 10
2.1736 10
2.1751 10
2.1765 10
2.1779 10
2.1793 10
2.1807 10
2.1821 10
2.1835 10
2.185 10
2.1864 10
2.1878 10
2.1892 10
2.1906 10
2.192 10
2.1934 10
2.1949 10
2.1963 10
2.1977 10
2.1991 10
2.2005 10
2.2019 10
2.2033 10
2.2048 10
2.2062 10
2.2076 10
2.209 10
2.2104 10
2.2118 10
2.2132 10
2.2147 10
2.2161 10
2.2175 10
2.2189 10
2.2203 10
2.2217 10
2.2231 10
2.2246 10
2.226 10
2.2274 10
2.2288 10
2.2302 10
2.2316 10
2.233 10
2.2345 10
2.2359 10
2.2373 10
2.2387 10
2.2401 10
2.2415 10
2.2429 10
2.2444 10
2.2458 10
2.2472 10
2.2486 10
2.25 10
2.2514 10
2.2528 10
2.2543 10
2.2557 10
2.2571 10
2.2585 10
2.2599 10
2.2613 10
2.2627 10
2.2642 10
2.2656 10
2.267 10
2.2684 10
2.2698 10
2.2712 10
2.2726 10
2.2741 10
2.2755 10
2.2769 10
2.2783 10
2.2797 10
2.2811 10
2.2825 10
2.284 10
2.2854 10
2.2868 10
2.2882 10
2.2896 10
2.291 10
2.2924 10
2.2939 10
2.2953 10
2.2967 10
2.2981 10
2.2995 10
2.3009 10
2.3023 10
2.3038 10
2.3052 10
2.3066 10
2.308 10
2.3094 10
2.3108 10
2.3122 10
2.3137 10
2.3151 10
2.3165 10
2.3179 10
2.3193 10
2.3207 10
2.3221 10
2.3236 10
2.325 10
2.3264 10
2.3278 10
2.3292 10
2.3306 10
2.332 10
2.3335 10
2.3349 10
2.3363 10
2.3377 10
2.3391 10
2.3405 10
2.3419 10
2.3434 10
2.3448 10
2.3462 10
2.3476 10
2.349 10
2.3504 10
2.3518 10
2.3533 10
2.3547 10
2.3561 10
2.3575 10
2.3589 10
2.3603 10
2.3617 10
2.3632 10
2.3646 10
2.366 10
2.3674 10
2.3688 10
2.3702 10
2.3716 10
2.3731 10
2.3745 10
2.3759 10
2.3773 10
2.3787 10
2.3801 10
2.3815 10
2.3829 10
2.3844 10
2.3858 10
2.3872 10
2.3886 10
2.39 10
2.3914 10
2.3928 10
2.3943 10
2.3957 10
2.3971 10
2.3985 10
2.3999 10
2.4013 10
2.4027 10
2.4042 10
2.4056 10
2.407 10
2.4084 10
2.4098 10
2.4112 10
2.4126 10
2.4141 10
2.4155 10
2.4169 10
2.4183 10
2.4197 10
2.4211 10
2.4225 10
2.424 10
2.4254 10
2.4268 10
2.4282 10
2.4296 10
2.431 10
2.4324 10
2.4339 10
2.4353 10
2.4367 10
2.4381 10
2.4395 10
2.4409 10
2.4423 10
2.4438 10
2.4452 10
2.4466 10
2.448 10
2.4494 10
2.4508 10
2.4522 10
2.4537 10
2.4551 10
2.4565 10
2.4579 10
2.4593 10
2.4607 10
2.4621 10
2.4636 10
2.465 10
2.4664 10
2.4678 10
2.4692 10
2.4706 10
2.472 10
2.4735 10
2.4749 10
2.4763 10
2.4777 10
2.4791 10
2.4805 10
2.4819 10
2.4834 10
2.4848 10
2.4862 10
2.4876 10
2.489 10
2.4904 10
2.4918 10
2.4933 10
2.4947 10
2.4961 10
2.4975 10
2.4989 10
2.5003 10
2.5017 10
2.5032 10
2.5046 10
2.506 10
2.5074 10
2.5088 10
2.5102 10
2.5116 10
2.5131 10
2.5145 10
2.5159 10
2.5173 10
2.5187 10
2.5201 10
2.5215 10
2.523 10
2.5244 10
2.5258 10
2.5272 10
2.5286 10
2.53 10
2.5314 10
2.5329 10
2.5343 10
2.5357 10
2.5371 10
2.5385 10
2.5399 10
2.5413 10
2.5428 10
2.5442 10
2.5456 10
2.547 10
2.5484 10
2.5498 10
2.5512 10
2.5527 10
2.5541 10
2.5555 10
2.5569 10
2.5583 10
2.5597 10
2.5611 10
2.5626 10
2.564 10
2.5654 10
2.5668 10
2.5682 10
2.5696 10
2.571 10
2.5725 10
2.5739 10
2.5753 10
2.5767 10
2.5781 10
2.5795 10
2.5809 10
2.5824 10
2.5838 10
2.5852 10
2.5866 10
2.588 10
2.5894 10
2.5908 10
2.5923 10
2.5937 10
2.5951 10
2.5965 10
2.5979 10
2.5993 10
2.6007 10
2.6022 10
2.6036 10
2.605 10
2.6064 10
2.6078 10
2.6092 10
2.6106 10
2.6121 10
2.6135 10
2.6149 10
2.6163 10
2.6177 10
2.6191 10
2.6205 10
2.622 10
2.6234 10
2.6248 10
2.6262 10
2.6276 10
2.629 10
2.6304 10
2.6319 10
2.6333 10
2.6347 10
2.6361 10
2.6375 10
2.6389 10
2.6403 10
2.6418 10
2.6432 10
2.6446 10
2.646 10
2.6474 10
2.6488 10
2.6502 10
2.6517 10
2.6531 10
2.6545 10
2.6559 10
2.6573 10
2.6587 10
2.6601 10
2.6615 10
2.663 10
2.6644 10
2.6658 10
2.6672 10
2.6686 10
2.67 10
2.6714 10
2.6729 10
2.6743 10
2.6757 10
2.6771 10
2.6785 10
2.6799 10
2.6813 10
2.6828 10
2.6842 10
2.6856 10
2.687 10
2.6884 10
2.6898 10
2.6912 10
2.6927 10
2.6941 10
2.6955 10
2.6969 10
2.6983 10
2.6997 10
2.7011 10
2.7026 10
2.704 10
2.7054 10
2.7068 10.001
2.7082 10.001
2.7096 10.002
2.711 10.004
2.7125 10.007
2.7139 10.012
2.7153 10.021
2.7167 10.036
2.7181 10.062
2.7195 10.105
2.7209 10.179
2.7224 10.299
2.7238 10.489
2.7252 10.78
2.7266 11.197
2.728 11.753
2.7294 12.433
2.7308 13.183
2.7323 13.921
2.7337 14.554
2.7351 15.01
2.7365 15.257
2.7379 15.31
2.7393 15.22
2.7407 15.053
2.7422 14.867
2.7436 14.707
2.745 14.594
2.7464 14.536
2.7478 14.524
2.7492 14.548
2.7506 14.592
2.7521 14.641
2.7535 14.686
2.7549 14.718
2.7563 14.737
2.7577 14.742
2.7591 14.737
2.7605 14.727
2.762 14.714
2.7634 14.702
2.7648 14.693
2.7662 14.688
2.7676 14.686
2.769 14.687
2.7704 14.689
2.7719 14.693
2.7733 14.696
2.7747 14.699
2.7761 14.7
2.7775 14.701
2.7789 14.701
2.7803 14.7
2.7818 14.699
2.7832 14.698
2.7846 14.697
2.786 14.697
2.7874 14.697
2.7888 14.697
2.7902 14.697
2.7917 14.697
2.7931 14.698
2.7945 14.698
2.7959 14.698
2.7973 14.698
2.7987 14.698
2.8001 14.698
2.8016 14.698
2.803 14.698
2.8044 14.698
2.8058 14.698
2.8072 14.698
2.8086 14.698
2.81 14.698
2.8115 14.698
2.8129 14.698
2.8143 14.698
2.8157 14.698
2.8171 14.698
2.8185 14.698
2.8199 14.698
2.8214 14.698
2.8228 14.698
2.8242 14.698
2.8256 14.698
2.827 14.698
2.8284 14.698
2.8298 14.698
2.8313 14.698
2.8327 14.698
2.8341 14.698
2.8355 14.698
2.8369 14.698
2.8383 14.698
2.8397 14.698
2.8412 14.698
2.8426 14.698
2.844 14.698
2.8454 14.698
2.8468 14.698
2.8482 14.698
2.8496 14.698
2.8511 14.698
2.8525 14.698
2.8539 14.698
2.8553 14.698
2.8567 14.698
2.8581 14.698
2.8595 14.698
2.861 14.698
2.8624 14.698
2.8638 14.698
2.8652 14.698
2.8666 14.698
2.868 14.698
2.8694 14.698
2.8709 14.698
2.8723 14.698
2.8737 14.698
2.8751 14.698
2.8765 14.698
2.8779 14.698
2.8793 14.698
2.8808 14.698
2.8822 14.698
2.8836 14.698
2.885 14.698
2.8864 14.698
2.8878 14.698
2.8892 14.698
2.8907 14.698
2.8921 14.698
2.8935 14.698
2.8949 14.698
2.8963 14.698
2.8977 14.698
2.8991 14.698
2.9006 14.698
2.902 14.698
2.9034 14.698
2.9048 14.698
2.9062 14.698
2.9076 14.698
2.909 14.698
2.9105 14.698
2.9119 14.698
2.9133 14.698
2.9147 14.698
2.9161 14.698
2.9175 14.698
2.9189 14.698
2.9204 14.698
2.9218 14.698
2.9232 14.698
2.9246 14.698
2.926 14.698
2.9274 14.698
2.9288 14.698
2.9303 14.698
2.9317 14.698
2.9331 14.698
2.9345 14.698
2.9359 14.698
2.9373 14.698
2.9387 14.698
2.9401 14.698
2.9416 14.698
2.943 14.698
2.9444 14.698
2.9458 14.698
2.9472 14.698
2.9486 14.698
2.95 14.698
2.9515 14.699
2.9529 14.699
2.9543 14.699
2.9557 14.699
2.9571 14.699
2.9585 14.699
2.9599 14.699
2.9614 14.699
2.9628 14.699
2.9642 14.699
2.9656 14.699
2.967 14.699
2.9684 14.699
2.9698 14.699
2.9713 14.699
2.9727 14.699
2.9741 14.699
2.9755 14.699
2.9769 14.699
2.9783 14.699
2.9797 14.699
2.9812 14.699
2.9826 14.699
2.984 14.699
2.9854 14.699
2.9868 14.699
2.9882 14.699
2.9896 14.699
2.9911 14.699
2.9925 14.699
2.9939 14.699
2.9953 14.699
2.9967 14.699
2.9981 14.699
2.9995 14.699
3.001 14.699
3.0024 14.699
3.0038 14.699
3.0052 14.699
3.0066 14.699
3.008 14.699
3.0094 14.699
3.0109 14.699
3.0123 14.699
3.0137 14.699
3.0151 14.699
3.0165 14.699
3.0179 14.699
3.0193 14.699
3.0208 14.699
3.0222 14.699
3.0236 14.699
3.025 14.699
3.0264 14.699
3.0278 14.699
3.0292 14.699
3.0307 14.699
3.0321 14.699
3.0335 14.699
3.0349 14.699
3.0363 14.699
3.0377 14.699
3.0391 14.699
3.0406 14.699
3.042 14.699
3.0434 14.699
3.0448 14.699
3.0462 14.699
3.0476 14.699
3.049 14.699
3.0505 14.699
3.0519 14.699
3.0533 14.699
3.0547 14.699
3.0561 14.699
3.0575 14.699
3.0589 14.699
3.0604 14.699
3.0618 14.699
3.0632 14.699
3.0646 14.699
3.066 14.699
3.0674 14.699
3.0688 14.699
3.0703 14.699
3.0717 14.699
3.0731 14.699
3.0745 14.699
3.0759 14.699
3.0773 14.699
3.0787 14.699
3.0802 14.699
3.0816 14.699
3.083 14.699
3.0844 14.699
3.0858 14.699
3.0872 14.699
3.0886 14.699
3.0901 14.699
3.0915 14.699
3.0929 14.699
3.0943 14.699
3.0957 14.699
3.0971 14.699
3.0985 14.699
3.1 14.699
3.1014 14.699
3.1028 14.699
3.1042 14.699
3.1056 14.699
3.107 14.699
3.1084 14.699
3.1099 14.699
3.1113 14.699
3.1127 14.699
3.1141 14.699
3.1155 14.699
3.1169 14.699
3.1183 14.699
3.1198 14.699
3.1212 14.699
3.1226 14.699
3.124 14.699
3.1254 14.699
3.1268 14.699
3.1282 14.699
3.1297 14.699
3.1311 14.699
3.1325 14.699
3.1339 14.699
3.1353 14.699
3.1367 14.699
3.1381 14.699
3.1396 14.699
3.141 14.699
3.1424 14.699
3.1438 14.699
3.1452 14.699
3.1466 14.699
3.148 14.699
3.1495 14.699
3.1509 14.699
3.1523 14.699
3.1537 14.699
3.1551 14.699
3.1565 14.699
3.1579 14.699
3.1594 14.699
3.1608 14.699
3.1622 14.699
3.1636 14.699
3.165 14.699
3.1664 14.699
3.1678 14.699
3.1693 14.699
3.1707 14.699
3.1721 14.699
3.1735 14.699
3.1749 14.699
3.1763 14.699
3.1777 14.699
3.1792 14.699
3.1806 14.699
3.182 14.699
3.1834 14.699
3.1848 14.699
3.1862 14.699
3.1876 14.699
3.1891 14.699
3.1905 14.699
3.1919 14.699
3.1933 14.699
3.1947 14.699
3.1961 14.699
3.1975 14.699
3.199 14.699
3.2004 14.699
3.2018 14.699
3.2032 14.699
3.2046 14.699
3.206 14.699
3.2074 14.699
3.2089 14.699
3.2103 14.699
3.2117 14.699
3.2131 14.699
3.2145 14.699
3.2159 14.699
3.2173 14.699
3.2188 14.699
3.2202 14.699
3.2216 14.699
3.223 14.699
3.2244 14.699
3.2258 14.699
3.2272 14.699
3.2286 14.699
3.2301 14.699
3.2315 14.699
3.2329 14.699
3.2343 14.699
3.2357 14.699
3.2371 14.699
3.2385 14.699
3.24 14.699
3.2414 14.699
3.2428 14.699
3.2442 14.699
3.2456 14.699
3.247 14.699
3.2484 14.699
3.2499 14.699
3.2513 14.699
3.2527 14.699
3.2541 14.699
3.2555 14.699
3.2569 14.699
3.2583 14.699
3.2598 14.699
3.2612 14.699
3.2626 14.699
3.264 14.699
3.2654 14.699
3.2668 14.699
3.2682 14.699
3.2697 14.699
3.2711 14.699
3.2725 14.699
3.2739 14.699
3.2753 14.699
3.2767 14.699
3.2781 14.699
3.2796 14.699
3.281 14.699
3.2824 14.699
3.2838 14.699
3.2852 14.699
3.2866 14.7
3.288 14.7
3.2895 14.7
3.2909 14.7
3.2923 14.7
3.2937 14.7
3.2951 14.7
3.2965 14.7
3.2979 14.7
3.2994 14.7
3.3008 14.7
3.3022 14.7
3.3036 14.7
3.305 14.7
3.3064 14.7
3.3078 14.7
3.3093 14.7
3.3107 14.7
3.3121 14.7
3.3135 14.7
3.3149 14.7
3.3163 14.7
3.3177 14.7
3.3192 14.7
3.3206 14.7
3.322 14.7
3.3234 14.7
3.3248 14.7
3.3262 14.7
3.3276 14.7
3.3291 14.7
3.3305 14.7
3.3319 14.7
3.3333 14.7
3.3347 14.7
3.3361 14.7
3.3375 14.7
3.339 14.7
3.3404 14.7
3.3418 14.7
3.3432 14.7
3.3446 14.7
3.346 14.7
3.3474 14.7
3.3489 14.7
3.3503 14.7
3.3517 14.7
3.3531 14.7
3.3545 14.7
3.3559 14.7
3.3573 14.7
3.3588 14.7
3.3602 14.7
3.3616 14.7
3.363 14.7
3.3644 14.7
3.3658 14.7
3.3672 14.7
3.3687 14.7
3.3701 14.7
3.3715 14.7
3.3729 14.7
3.3743 14.7
3.3757 14.7
3.3771 14.7
3.3786 14.7
3.38 14.7
3.3814 14.7
3.3828 14.7
3.3842 14.7
3.3856 14.7
3.387 14.7
3.3885 14.7
3.3899 14.7
3.3913 14.7
3.3927 14.7
3.3941 14.7
3.3955 14.7
3.3969 14.7
3.3984 14.7
3.3998 14.7
3.4012 14.7
3.4026 14.7
3.404 14.7
3.4054 14.7
3.4068 14.7
3.4083 14.7
3.4097 14.7
3.4111 14.7
3.4125 14.7
3.4139 14.7
3.4153 14.7
3.4167 14.7
3.4182 14.7
3.4196 14.7
3.421 14.7
3.4224 14.7
3.4238 14.7
3.4252 14.7
3.4266 14.7
3.4281 14.7
3.4295 14.7
3.4309 14.7
3.4323 14.7
3.4337 14.7
3.4351 14.7
3.4365 14.7
3.438 14.7
3.4394 14.7
3.4408 14.7
3.4422 14.7
3.4436 14.7
3.445 14.7
3.4464 14.7
3.4479 14.7
3.4493 14.7
3.4507 14.7
3.4521 14.7
3.4535 14.701
3.4549 14.701
3.4563 14.701
3.4578 14.701
3.4592 14.701
3.4606 14.702
3.462 14.702
3.4634 14.702
3.4648 14.703
3.4662 14.703
3.4677 14.704
3.4691 14.705
3.4705 14.706
3.4719 14.707
3.4733 14.708
3.4747 14.709
3.4761 14.711
3.4776 14.713
3.479 14.715
3.4804 14.717
3.4818 14.72
3.4832 14.723
3.4846 14.727
3.486 14.731
3.4875 14.737
3.4889 14.742
3.4903 14.749
3.4917 14.757
3.4931 14.766
3.4945 14.776
3.4959 14.787
3.4974 14.8
3.4988 14.815
3.5002 14.833
3.5016 14.852
3.503 14.874
3.5044 14.899
3.5058 14.927
3.5072 14.958
3.5087 14.994
3.5101 15.033
3.5115 15.077
3.5129 15.126
3.5143 15.18
3.5157 15.239
3.5171 15.304
3.5186 15.375
3.52 15.452
3.5214 15.534
3.5228 15.622
3.5242 15.715
3.5256 15.813
3.527 15.914
3.5285 16.018
3.5299 16.124
3.5313 16.23
3.5327 16.334
3.5341 16.437
3.5355 16.535
3.5369 16.627
3.5384 16.713
3.5398 16.792
3.5412 16.862
3.5426 16.924
3.544 16.977
3.5454 17.023
3.5468 17.061
3.5483 17.093
3.5497 17.12
3.5511 17.142
3.5525 17.159
3.5539 17.174
3.5553 17.186
3.5567 17.196
3.5582 17.204
3.5596 17.21
3.561 17.215
3.5624 17.218
3.5638 17.22
3.5652 17.221
3.5666 17.222
3.5681 17.221
3.5695 17.22
3.5709 17.218
3.5723 17.216
3.5737 17.213
3.5751 17.21
3.5765 17.207
3.578 17.204
3.5794 17.2
3.5808 17.196
3.5822 17.192
3.5836 17.188
3.585 17.183
3.5864 17.179
3.5879 17.175
3.5893 17.171
3.5907 17.168
3.5921 17.165
3.5935 17.162
3.5949 17.159
3.5963 17.157
3.5978 17.155
3.5992 17.153
3.6006 17.152
3.602 17.151
3.6034 17.151
3.6048 17.15
3.6062 17.15
3.6077 17.15
3.6091 17.15
3.6105 17.15
3.6119 17.15
3.6133 17.149
3.6147 17.149
3.6161 17.148
3.6176 17.147
3.619 17.146
3.6204 17.144
3.6218 17.142
3.6232 17.139
3.6246 17.136
3.626 17.133
3.6275 17.13
3.6289 17.126
3.6303 17.122
3.6317 17.118
3.6331 17.113
3.6345 17.109
3.6359 17.104
3.6374 17.1
3.6388 17.096
3.6402 17.092
3.6416 17.088
3.643 17.085
3.6444 17.082
3.6458 17.079
3.6473 17.077
3.6487 17.075
3.6501 17.074
3.6515 17.073
3.6529 17.073
3.6543 17.073
3.6557 17.074
3.6572 17.075
3.6586 17.077
3.66 17.079
3.6614 17.082
3.6628 17.084
3.6642 17.088
3.6656 17.091
3.6671 17.094
3.6685 17.098
3.6699 17.102
3.6713 17.106
3.6727 17.11
3.6741 17.114
3.6755 17.117
3.677 17.121
3.6784 17.125
3.6798 17.128
3.6812 17.132
3.6826 17.135
3.684 17.138
3.6854 17.141
3.6869 17.143
3.6883 17.145
3.6897 17.148
3.6911 17.149
3.6925 17.151
3.6939 17.153
3.6953 17.154
3.6968 17.155
3.6982 17.156
3.6996 17.157
3.701 17.158
3.7024 17.158
3.7038 17.159
3.7052 17.16
3.7067 17.16
3.7081 17.161
3.7095 17.161
3.7109 17.162
3.7123 17.163
3.7137 17.164
3.7151 17.165
3.7166 17.167
3.718 17.168
3.7194 17.17
3.7208 17.173
3.7222 17.176
3.7236 17.179
3.725 17.182
3.7265 17.186
3.7279 17.19
3.7293 17.195
3.7307 17.2
3.7321 17.206
3.7335 17.212
3.7349 17.218
3.7364 17.225
3.7378 17.232
3.7392 17.239
3.7406 17.247
3.742 17.254
3.7434 17.262
3.7448 17.27
3.7463 17.278
3.7477 17.285
3.7491 17.292
3.7505 17.3
3.7519 17.306
3.7533 17.313
3.7547 17.318
3.7562 17.324
3.7576 17.329
3.759 17.333
3.7604 17.337
3.7618 17.34
3.7632 17.342
3.7646 17.344
3.7661 17.345
3.7675 17.345
3.7689 17.345
3.7703 17.345
3.7717 17.343
3.7731 17.342
3.7745 17.34
3.776 17.338
3.7774 17.335
3.7788 17.333
3.7802 17.33
3.7816 17.327
3.783 17.324
3.7844 17.322
3.7858 17.319
3.7873 17.316
3.7887 17.314
3.7901 17.312
3.7915 17.31
3.7929 17.308
3.7943 17.306
3.7957 17.304
3.7972 17.302
3.7986 17.3
3.8 17.298
3.8014 17.296
3.8028 17.294
3.8042 17.292
3.8056 17.29
3.8071 17.288
3.8085 17.285
3.8099 17.282
3.8113 17.279
3.8127 17.276
3.8141 17.273
3.8155 17.27
3.817 17.267
3.8184 17.263
3.8198 17.26
3.8212 17.256
3.8226 17.253
3.824 17.25
3.8254 17.247
3.8269 17.244
3.8283 17.241
3.8297 17.238
3.8311 17.236
3.8325 17.233
3.8339 17.231
3.8353 17.23
3.8368 17.228
3.8382 17.227
3.8396 17.226
3.841 17.225
3.8424 17.225
3.8438 17.225
3.8452 17.225
3.8467 17.226
3.8481 17.227
3.8495 17.228
3.8509 17.229
3.8523 17.231
3.8537 17.232
3.8551 17.234
3.8566 17.236
3.858 17.238
3.8594 17.24
3.8608 17.242
3.8622 17.244
3.8636 17.246
3.865 17.248
3.8665 17.249
3.8679 17.251
3.8693 17.252
3.8707 17.253
3.8721 17.253
3.8735 17.254
3.8749 17.254
3.8764 17.253
3.8778 17.253
3.8792 17.252
3.8806 17.25
3.882 17.248
3.8834 17.246
3.8848 17.244
3.8863 17.241
3.8877 17.238
3.8891 17.235
3.8905 17.231
3.8919 17.227
3.8933 17.224
3.8947 17.22
3.8962 17.216
3.8976 17.212
3.899 17.208
3.9004 17.204
3.9018 17.2
3.9032 17.197
3.9046 17.193
3.9061 17.19
3.9075 17.188
3.9089 17.186
3.9103 17.184
3.9117 17.183
3.9131 17.182
3.9145 17.182
3.916 17.182
3.9174 17.183
3.9188 17.184
3.9202 17.185
3.9216 17.188
3.923 17.19
3.9244 17.193
3.9259 17.197
3.9273 17.201
3.9287 17.205
3.9301 17.209
3.9315 17.214
3.9329 17.219
3.9343 17.223
3.9358 17.228
3.9372 17.233
3.9386 17.238
3.94 17.243
3.9414 17.248
3.9428 17.253
3.9442 17.257
3.9457 17.261
3.9471 17.265
3.9485 17.268
3.9499 17.271
3.9513 17.274
3.9527 17.276
3.9541 17.278
3.9556 17.279
3.957 17.28
3.9584 17.28
3.9598 17.28
3.9612 17.279
3.9626 17.278
3.964 17.277
3.9655 17.275
3.9669 17.273
3.9683 17.271
3.9697 17.268
3.9711 17.265
3.9725 17.262
3.9739 17.259
3.9754 17.256
3.9768 17.252
3.9782 17.249
3.9796 17.245
3.981 17.242
3.9824 17.239
3.9838 17.235
3.9853 17.232
3.9867 17.229
3.9881 17.227
3.9895 17.224
3.9909 17.222
3.9923 17.22
3.9937 17.218
3.9952 17.217
3.9966 17.216
3.998 17.215
3.9994 17.215
4.0008 17.215
4.0022 17.215
4.0036 17.216
4.0051 17.217
4.0065 17.219
4.0079 17.221
4.0093 17.223
4.0107 17.226
4.0121 17.228
4.0135 17.232
4.015 17.235
4.0164 17.239
4.0178 17.243
4.0192 17.247
4.0206 17.251
4.022 17.255
4.0234 17.259
4.0249 17.263
4.0263 17.267
4.0277 17.271
4.0291 17.274
4.0305 17.278
4.0319 17.281
4.0333 17.283
4.0348 17.285
4.0362 17.287
4.0376 17.288
4.039 17.288
4.0404 17.288
4.0418 17.288
4.0432 17.287
4.0447 17.285
4.0461 17.283
4.0475 17.28
4.0489 17.277
4.0503 17.274
4.0517 17.27
4.0531 17.266
4.0546 17.262
4.056 17.258
4.0574 17.253
4.0588 17.249
4.0602 17.244
4.0616 17.24
4.063 17.236
4.0644 17.232
4.0659 17.229
4.0673 17.226
4.0687 17.223
4.0701 17.22
4.0715 17.219
4.0729 17.217
4.0743 17.216
4.0758 17.216
4.0772 17.216
4.0786 17.217
4.08 17.218
4.0814 17.22
4.0828 17.222
4.0842 17.225
4.0857 17.228
4.0871 17.231
4.0885 17.234
4.0899 17.238
4.0913 17.242
4.0927 17.246
4.0941 17.25
4.0956 17.254
4.097 17.258
4.0984 17.261
4.0998 17.264
4.1012 17.267
4.1026 17.27
4.104 17.272
4.1055 17.274
4.1069 17.275
4.1083 17.276
4.1097 17.276
4.1111 17.276
4.1125 17.275
4.1139 17.274
4.1154 17.273
4.1168 17.271
4.1182 17.269
4.1196 17.266
4.121 17.264
4.1224 17.261
4.1238 17.258
4.1253 17.256
4.1267 17.253
4.1281 17.251
4.1295 17.248
4.1309 17.246
4.1323 17.244
4.1337 17.243
4.1352 17.242
4.1366 17.241
4.138 17.241
4.1394 17.241
4.1408 17.242
4.1422 17.243
4.1436 17.244
4.1451 17.246
4.1465 17.248
4.1479 17.251
4.1493 17.253
4.1507 17.256
4.1521 17.26
4.1535 17.263
4.155 17.266
4.1564 17.269
4.1578 17.273
4.1592 17.276
4.1606 17.279
4.162 17.282
4.1634 17.284
4.1649 17.287
4.1663 17.289
4.1677 17.29
4.1691 17.292
4.1705 17.293
4.1719 17.294
4.1733 17.294
4.1748 17.294
4.1762 17.294
4.1776 17.293
4.179 17.293
4.1804 17.292
4.1818 17.291
4.1832 17.289
4.1847 17.288
4.1861 17.286
4.1875 17.284
4.1889 17.283
4.1903 17.281
4.1917 17.279
4.1931 17.278
4.1946 17.276
4.196 17.275
4.1974 17.274
4.1988 17.273
4.2002 17.273
4.2016 17.273
4.203 17.273
4.2045 17.273
4.2059 17.274
4.2073 17.275
4.2087 17.277
4.2101 17.279
4.2115 17.281
4.2129 17.284
4.2144 17.286
4.2158 17.29
4.2172 17.293
4.2186 17.297
4.22 17.3
4.2214 17.304
4.2228 17.308
4.2243 17.312
4.2257 17.316
4.2271 17.319
4.2285 17.323
4.2299 17.326
4.2313 17.329
4.2327 17.332
4.2342 17.334
4.2356 17.336
4.237 17.338
4.2384 17.339
4.2398 17.34
4.2412 17.34
4.2426 17.34
4.2441 17.339
4.2455 17.338
4.2469 17.336
4.2483 17.334
4.2497 17.332
4.2511 17.329
4.2525 17.326
4.254 17.322
4.2554 17.318
4.2568 17.314
4.2582 17.31
4.2596 17.305
4.261 17.301
4.2624 17.296
4.2639 17.291
4.2653 17.286
4.2667 17.281
4.2681 17.276
4.2695 17.271
4.2709 17.267
4.2723 17.262
4.2738 17.258
4.2752 17.253
4.2766 17.249
4.278 17.246
4.2794 17.242
4.2808 17.239
4.2822 17.235
4.2837 17.233
4.2851 17.23
4.2865 17.228
4.2879 17.225
4.2893 17.223
4.2907 17.222
4.2921 17.22
4.2936 17.219
4.295 17.218
4.2964 17.217
4.2978 17.217
4.2992 17.216
4.3006 17.216
4.302 17.216
4.3035 17.216
4.3049 17.216
4.3063 17.216
4.3077 17.216
4.3091 17.216
4.3105 17.217
4.3119 17.217
4.3134 17.218
4.3148 17.218
4.3162 17.219
4.3176 17.219
4.319 17.22
4.3204 17.221
4.3218 17.221
4.3233 17.221
4.3247 17.222
4.3261 17.222
4.3275 17.222
4.3289 17.222
4.3303 17.222
4.3317 17.221
4.3332 17.221
4.3346 17.22
4.336 17.219
4.3374 17.217
4.3388 17.216
4.3402 17.214
4.3416 17.212
4.343 17.21
4.3445 17.208
4.3459 17.205
4.3473 17.203
4.3487 17.2
4.3501 17.197
4.3515 17.194
4.3529 17.191
4.3544 17.188
4.3558 17.185
4.3572 17.182
4.3586 17.179
4.36 17.176
4.3614 17.174
4.3628 17.171
4.3643 17.169
4.3657 17.167
4.3671 17.165
4.3685 17.163
4.3699 17.161
4.3713 17.16
4.3727 17.159
4.3742 17.158
4.3756 17.157
4.377 17.157
4.3784 17.156
4.3798 17.156
4.3812 17.156
4.3826 17.156
4.3841 17.156
4.3855 17.155
4.3869 17.155
4.3883 17.155
4.3897 17.155
4.3911 17.155
4.3925 17.154
4.394 17.154
4.3954 17.153
4.3968 17.152
4.3982 17.152
4.3996 17.151
4.401 17.149
4.4024 17.148
4.4039 17.147
4.4053 17.146
4.4067 17.144
4.4081 17.143
4.4095 17.141
4.4109 17.139
4.4123 17.138
4.4138 17.136
4.4152 17.134
4.4166 17.133
4.418 17.131
4.4194 17.129
4.4208 17.128
4.4222 17.126
4.4237 17.125
4.4251 17.123
4.4265 17.122
4.4279 17.121
4.4293 17.12
4.4307 17.119
4.4321 17.118
4.4336 17.117
4.435 17.117
4.4364 17.116
4.4378 17.116
4.4392 17.116
4.4406 17.116
4.442 17.116
4.4435 17.116
4.4449 17.116
4.4463 17.117
4.4477 17.117
4.4491 17.118
4.4505 17.118
4.4519 17.119
4.4534 17.119
4.4548 17.12
4.4562 17.121
4.4576 17.121
4.459 17.122
4.4604 17.122
4.4618 17.122
4.4633 17.123
4.4647 17.123
4.4661 17.123
4.4675 17.123
4.4689 17.123
4.4703 17.123
4.4717 17.123
4.4732 17.123
4.4746 17.122
4.476 17.122
4.4774 17.121
4.4788 17.12
4.4802 17.119
4.4816 17.118
4.4831 17.117
4.4845 17.116
4.4859 17.114
4.4873 17.113
4.4887 17.111
4.4901 17.11
4.4915 17.108
4.493 17.107
4.4944 17.105
4.4958 17.103
4.4972 17.102
4.4986 17.1
4.5 17.099
4.5014 17.097
4.5029 17.096
4.5043 17.095
4.5057 17.095
4.5071 17.094
4.5085 17.094
4.5099 17.094
4.5113 17.094
4.5128 17.094
4.5142 17.095
4.5156 17.095
4.517 17.096
4.5184 17.098
4.5198 17.099
4.5212 17.1
4.5227 17.102
4.5241 17.104
4.5255 17.105
4.5269 17.107
4.5283 17.109
4.5297 17.11
4.5311 17.112
4.5326 17.114
4.534 17.115
4.5354 17.116
4.5368 17.117
4.5382 17.118
4.5396 17.119
4.541 17.12
4.5425 17.12
4.5439 17.12
4.5453 17.12
4.5467 17.119
4.5481 17.119
4.5495 17.117
4.5509 17.116
4.5524 17.115
4.5538 17.113
4.5552 17.111
4.5566 17.108
4.558 17.106
4.5594 17.103
4.5608 17.1
4.5623 17.097
4.5637 17.093
4.5651 17.09
4.5665 17.086
4.5679 17.083
4.5693 17.079
4.5707 17.075
4.5722 17.072
4.5736 17.068
4.575 17.064
4.5764 17.061
4.5778 17.057
4.5792 17.054
4.5806 17.051
4.5821 17.048
4.5835 17.045
4.5849 17.043
4.5863 17.04
4.5877 17.038
4.5891 17.036
4.5905 17.034
4.592 17.032
4.5934 17.031
4.5948 17.03
4.5962 17.029
4.5976 17.028
4.599 17.027
4.6004 17.026
4.6019 17.026
4.6033 17.026
4.6047 17.026
4.6061 17.026
4.6075 17.026
4.6089 17.027
4.6103 17.027
4.6118 17.028
4.6132 17.028
4.6146 17.029
4.616 17.03
4.6174 17.031
4.6188 17.032
4.6202 17.032
4.6216 17.033
4.6231 17.034
4.6245 17.035
4.6259 17.036
4.6273 17.037
4.6287 17.037
4.6301 17.038
4.6315 17.038
4.633 17.038
4.6344 17.038
4.6358 17.038
4.6372 17.038
4.6386 17.038
4.64 17.037
4.6414 17.036
4.6429 17.035
4.6443 17.034
4.6457 17.032
4.6471 17.03
4.6485 17.029
4.6499 17.027
4.6513 17.024
4.6528 17.022
4.6542 17.02
4.6556 17.017
4.657 17.015
4.6584 17.012
4.6598 17.009
4.6612 17.007
4.6627 17.004
4.6641 17.001
4.6655 16.999
4.6669 16.996
4.6683 16.994
4.6697 16.992
4.6711 16.99
4.6726 16.988
4.674 16.986
4.6754 16.985
4.6768 16.984
4.6782 16.983
4.6796 16.982
4.681 16.982
4.6825 16.982
4.6839 16.982
4.6853 16.983
4.6867 16.983
4.6881 16.984
4.6895 16.986
4.6909 16.987
4.6924 16.989
4.6938 16.991
4.6952 16.993
4.6966 16.995
4.698 16.997
4.6994 16.999
4.7008 17.001
4.7023 17.003
4.7037 17.005
4.7051 17.007
4.7065 17.009
4.7079 17.011
4.7093 17.012
4.7107 17.013
4.7122 17.014
4.7136 17.014
4.715 17.015
4.7164 17.015
4.7178 17.014
4.7192 17.013
4.7206 17.013
4.7221 17.011
4.7235 17.01
4.7249 17.008
4.7263 17.006
4.7277 17.004
4.7291 17.002
4.7305 16.999
4.732 16.997
4.7334 16.995
4.7348 16.992
4.7362 16.99
4.7376 16.987
4.739 16.985
4.7404 16.983
4.7419 16.981
4.7433 16.979
4.7447 16.978
4.7461 16.976
4.7475 16.975
4.7489 16.974
4.7503 16.974
4.7518 16.973
4.7532 16.973
4.7546 16.973
4.756 16.973
4.7574 16.974
4.7588 16.975
4.7602 16.975
4.7617 16.976
4.7631 16.977
4.7645 16.978
4.7659 16.98
4.7673 16.981
4.7687 16.982
4.7701 16.983
4.7716 16.984
4.773 16.985
4.7744 16.985
4.7758 16.986
4.7772 16.986
4.7786 16.986
4.78 16.986
4.7815 16.985
4.7829 16.984
4.7843 16.983
4.7857 16.982
4.7871 16.98
4.7885 16.978
4.7899 16.976
4.7914 16.973
4.7928 16.97
4.7942 16.967
4.7956 16.964
4.797 16.961
4.7984 16.957
4.7998 16.954
4.8013 16.95
4.8027 16.946
4.8041 16.943
4.8055 16.939
4.8069 16.935
4.8083 16.932
4.8097 16.928
4.8112 16.925
4.8126 16.922
4.814 16.919
4.8154 16.916
4.8168 16.913
4.8182 16.91
4.8196 16.908
4.8211 16.906
4.8225 16.904
4.8239 16.902
4.8253 16.901
4.8267 16.899
4.8281 16.898
4.8295 16.897
4.831 16.896
4.8324 16.895
4.8338 16.894
4.8352 16.893
4.8366 16.892
4.838 16.891
4.8394 16.891
4.8409 16.89
4.8423 16.889
4.8437 16.888
4.8451 16.887
4.8465 16.885
4.8479 16.884
4.8493 16.882
4.8508 16.88
4.8522 16.878
4.8536 16.875
4.855 16.873
4.8564 16.87
4.8578 16.867
4.8592 16.863
4.8607 16.86
4.8621 16.856
4.8635 16.851
4.8649 16.847
4.8663 16.842
4.8677 16.837
4.8691 16.832
4.8706 16.827
4.872 16.821
4.8734 16.815
4.8748 16.809
4.8762 16.804
4.8776 16.798
4.879 16.791
4.8805 16.785
4.8819 16.779
4.8833 16.773
4.8847 16.767
4.8861 16.761
4.8875 16.756
4.8889 16.75
4.8904 16.744
4.8918 16.739
4.8932 16.733
4.8946 16.728
4.896 16.723
4.8974 16.718
4.8988 16.714
4.9002 16.709
4.9017 16.705
4.9031 16.701
4.9045 16.697
4.9059 16.693
4.9073 16.689
4.9087 16.685
4.9101 16.682
4.9116 16.679
4.913 16.675
4.9144 16.672
4.9158 16.669
4.9172 16.666
4.9186 16.664
4.92 16.661
4.9215 16.658
4.9229 16.655
4.9243 16.653
4.9257 16.65
4.9271 16.647
4.9285 16.645
4.9299 16.642
4.9314 16.64
4.9328 16.637
4.9342 16.634
4.9356 16.631
4.937 16.629
4.9384 16.626
4.9398 16.623
4.9413 16.62
4.9427 16.617
4.9441 16.614
4.9455 16.611
4.9469 16.607
4.9483 16.604
4.9497 16.6
4.9512 16.597
4.9526 16.593
4.954 16.589
4.9554 16.586
4.9568 16.582
4.9582 16.578
4.9596 16.574
4.9611 16.57
4.9625 16.566
4.9639 16.561
4.9653 16.557
4.9667 16.553
4.9681 16.549
4.9695 16.544
4.971 16.54
4.9724 16.535
4.9738 16.531
4.9752 16.527
4.9766 16.522
4.978 16.518
4.9794 16.514
4.9809 16.51
4.9823 16.505
4.9837 16.501
4.9851 16.497
4.9865 16.493
4.9879 16.489
4.9893 16.486
4.9908 16.482
4.9922 16.479
4.9936 16.475
4.995 16.472
4.9964 16.469
4.9978 16.465
4.9992 16.462
5.0007 16.46
5.0021 16.457
5.0035 16.454
5.0049 16.451
5.0063 16.449
5.0077 16.446
5.0091 16.443
5.0106 16.441
5.012 16.438
5.0134 16.436
5.0148 16.433
5.0162 16.43
5.0176 16.427
5.019 16.424
5.0205 16.421
5.0219 16.418
5.0233 16.415
5.0247 16.412
5.0261 16.409
5.0275 16.405
5.0289 16.402
5.0304 16.398
5.0318 16.395
5.0332 16.391
5.0346 16.387
5.036 16.384
5.0374 16.38
5.0388 16.376
5.0403 16.372
5.0417 16.368
5.0431 16.364
5.0445 16.361
5.0459 16.357
5.0473 16.353
5.0487 16.349
5.0502 16.345
5.0516 16.342
5.053 16.338
5.0544 16.335
5.0558 16.331
5.0572 16.328
5.0586 16.324
5.0601 16.321
5.0615 16.318
5.0629 16.315
5.0643 16.312
5.0657 16.309
5.0671 16.306
5.0685 16.303
5.07 16.3
5.0714 16.297
5.0728 16.295
5.0742 16.292
5.0756 16.289
5.077 16.286
5.0784 16.284
5.0799 16.281
5.0813 16.278
5.0827 16.276
5.0841 16.273
5.0855 16.27
5.0869 16.267
5.0883 16.264
5.0898 16.261
5.0912 16.258
5.0926 16.255
5.094 16.252
5.0954 16.248
5.0968 16.245
5.0982 16.242
5.0997 16.238
5.1011 16.234
5.1025 16.231
5.1039 16.227
5.1053 16.223
5.1067 16.219
5.1081 16.215
5.1096 16.211
5.111 16.207
5.1124 16.203
5.1138 16.199
5.1152 16.194
5.1166 16.19
5.118 16.186
5.1195 16.182
5.1209 16.177
5.1223 16.173
5.1237 16.169
5.1251 16.165
5.1265 16.161
5.1279 16.157
5.1294 16.153
5.1308 16.149
5.1322 16.145
5.1336 16.141
5.135 16.138
5.1364 16.134
5.1378 16.131
5.1393 16.127
5.1407 16.124
5.1421 16.121
5.1435 16.118
5.1449 16.115
5.1463 16.112
5.1477 16.109
5.1492 16.106
5.1506 16.104
5.152 16.101
5.1534 16.099
5.1548 16.096
5.1562 16.093
5.1576 16.091
5.1591 16.088
5.1605 16.086
5.1619 16.083
5.1633 16.08
5.1647 16.077
5.1661 16.074
5.1675 16.071
5.169 16.068
5.1704 16.064
5.1718 16.061
5.1732 16.057
5.1746 16.053
5.176 16.049
5.1774 16.045
5.1789 16.041
5.1803 16.036
5.1817 16.032
5.1831 16.027
5.1845 16.022
5.1859 16.017
5.1873 16.011
5.1887 16.006
5.1902 16.001
5.1916 15.995
5.193 15.989
5.1944 15.984
5.1958 15.978
5.1972 15.972
5.1986 15.967
5.2001 15.961
5.2015 15.956
5.2029 15.95
5.2043 15.945
5.2057 15.939
5.2071 15.934
5.2085 15.929
5.21 15.924
5.2114 15.919
5.2128 15.914
5.2142 15.909
5.2156 15.905
5.217 15.9
5.2184 15.896
5.2199 15.892
5.2213 15.888
5.2227 15.884
5.2241 15.88
5.2255 15.877
5.2269 15.873
5.2283 15.87
5.2298 15.867
5.2312 15.863
5.2326 15.86
5.234 15.858
5.2354 15.855
5.2368 15.852
5.2382 15.849
5.2397 15.847
5.2411 15.844
5.2425 15.842
5.2439 15.839
5.2453 15.837
5.2467 15.835
5.2481 15.832
5.2496 15.83
5.251 15.827
5.2524 15.825
5.2538 15.823
5.2552 15.82
5.2566 15.817
5.258 15.815
5.2595 15.812
5.2609 15.809
5.2623 15.807
5.2637 15.804
5.2651 15.801
5.2665 15.797
5.2679 15.794
5.2694 15.791
5.2708 15.788
5.2722 15.784
5.2736 15.781
5.275 15.777
5.2764 15.773
5.2778 15.769
5.2793 15.766
5.2807 15.762
5.2821 15.758
5.2835 15.754
5.2849 15.749
5.2863 15.745
5.2877 15.741
5.2892 15.737
5.2906 15.733
5.292 15.729
5.2934 15.724
5.2948 15.72
5.2962 15.716
5.2976 15.712
5.2991 15.708
5.3005 15.704
5.3019 15.7
5.3033 15.696
5.3047 15.692
5.3061 15.689
5.3075 15.685
5.309 15.682
5.3104 15.678
5.3118 15.675
5.3132 15.672
5.3146 15.669
5.316 15.667
5.3174 15.664
5.3189 15.662
5.3203 15.66
5.3217 15.657
5.3231 15.655
5.3245 15.653
5.3259 15.652
5.3273 15.65
5.3288 15.648
5.3302 15.647
5.3316 15.645
5.333 15.644
5.3344 15.642
5.3358 15.641
5.3372 15.639
5.3387 15.637
5.3401 15.636
5.3415 15.634
5.3429 15.632
5.3443 15.63
5.3457 15.628
5.3471 15.626
5.3486 15.623
5.35 15.621
5.3514 15.618
5.3528 15.615
5.3542 15.612
5.3556 15.609
5.357 15.605
5.3585 15.602
5.3599 15.598
5.3613 15.594
5.3627 15.59
5.3641 15.586
5.3655 15.582
5.3669 15.578
5.3684 15.574
5.3698 15.569
5.3712 15.565
5.3726 15.561
5.374 15.557
5.3754 15.552
5.3768 15.548
5.3783 15.544
5.3797 15.541
5.3811 15.537
5.3825 15.533
5.3839 15.53
5.3853 15.526
5.3867 15.523
5.3882 15.52
5.3896 15.517
5.391 15.515
5.3924 15.512
5.3938 15.51
5.3952 15.507
5.3966 15.505
5.3981 15.503
5.3995 15.501
5.4009 15.499
5.4023 15.497
5.4037 15.495
5.4051 15.493
5.4065 15.491
5.408 15.489
5.4094 15.487
5.4108 15.485
5.4122 15.483
5.4136 15.48
5.415 15.478
5.4164 15.475
5.4179 15.472
5.4193 15.47
5.4207 15.466
5.4221 15.463
5.4235 15.46
5.4249 15.456
5.4263 15.452
5.4278 15.448
5.4292 15.444
5.4306 15.44
5.432 15.436
5.4334 15.431
5.4348 15.427
5.4362 15.422
5.4377 15.417
5.4391 15.413
5.4405 15.408
5.4419 15.403
5.4433 15.399
5.4447 15.394
5.4461 15.389
5.4476 15.385
5.449 15.381
5.4504 15.376
5.4518 15.372
5.4532 15.368
5.4546 15.364
5.456 15.36
5.4575 15.356
5.4589 15.353
5.4603 15.349
5.4617 15.346
5.4631 15.343
5.4645 15.339
5.4659 15.336
5.4673 15.334
5.4688 15.331
5.4702 15.328
5.4716 15.325
5.473 15.323
5.4744 15.32
5.4758 15.318
5.4772 15.315
5.4787 15.313
5.4801 15.31
5.4815 15.307
5.4829 15.305
5.4843 15.302
5.4857 15.299
5.4871 15.296
5.4886 15.293
5.49 15.289
5.4914 15.286
5.4928 15.282
5.4942 15.278
5.4956 15.274
5.497 15.27
5.4985 15.266
5.4999 15.261
5.5013 15.257
5.5027 15.252
5.5041 15.247
5.5055 15.242
5.5069 15.236
5.5084 15.231
5.5098 15.226
5.5112 15.22
5.5126 15.214
5.514 15.209
5.5154 15.203
5.5168 15.197
5.5183 15.191
5.5197 15.185
5.5211 15.179
5.5225 15.173
5.5239 15.167
5.5253 15.162
5.5267 15.156
5.5282 15.15
5.5296 15.145
5.531 15.139
5.5324 15.134
5.5338 15.128
5.5352 15.123
5.5366 15.118
5.5381 15.113
5.5395 15.108
5.5409 15.103
5.5423 15.099
5.5437 15.094
5.5451 15.09
5.5465 15.085
5.548 15.081
5.5494 15.077
5.5508 15.073
5.5522 15.069
5.5536 15.065
5.555 15.062
5.5564 15.058
5.5579 15.054
5.5593 15.051
5.5607 15.047
5.5621 15.044
5.5635 15.04
5.5649 15.037
5.5663 15.033
5.5678 15.03
5.5692 15.026
5.5706 15.023
5.572 15.019
5.5734 15.015
5.5748 15.012
5.5762 15.008
5.5777 15.004
5.5791 15
5.5805 14.996
5.5819 14.992
5.5833 14.988
5.5847 14.984
5.5861 14.98
5.5876 14.976
5.589 14.971
5.5904 14.967
5.5918 14.963
5.5932 14.958
5.5946 14.953
5.596 14.949
5.5975 14.944
5.5989 14.939
5.6003 14.935
5.6017 14.93
5.6031 14.925
5.6045 14.92
5.6059 14.915
5.6074 14.911
5.6088 14.906
5.6102 14.901
5.6116 14.896
5.613 14.891
5.6144 14.886
5.6158 14.881
5.6173 14.876
5.6187 14.871
5.6201 14.866
5.6215 14.861
5.6229 14.856
5.6243 14.851
5.6257 14.846
5.6272 14.842
5.6286 14.837
5.63 14.832
5.6314 14.828
5.6328 14.823
5.6342 14.818
5.6356 14.814
5.6371 14.809
5.6385 14.805
5.6399 14.8
5.6413 14.796
5.6427 14.792
5.6441 14.788
5.6455 14.783
5.647 14.779
5.6484 14.775
5.6498 14.771
5.6512 14.767
5.6526 14.762
5.654 14.758
5.6554 14.754
5.6569 14.75
5.6583 14.746
5.6597 14.742
5.6611 14.738
5.6625 14.733
5.6639 14.729
5.6653 14.725
5.6668 14.72
5.6682 14.716
5.6696 14.712
5.671 14.707
5.6724 14.702
5.6738 14.698
5.6752 14.693
5.6767 14.689
5.6781 14.684
5.6795 14.679
5.6809 14.674
5.6823 14.669
5.6837 14.664
5.6851 14.659
5.6866 14.654
5.688 14.649
5.6894 14.644
5.6908 14.639
5.6922 14.634
5.6936 14.629
5.695 14.624
5.6965 14.619
5.6979 14.614
5.6993 14.609
5.7007 14.604
5.7021 14.599
5.7035 14.594
5.7049 14.589
5.7064 14.585
5.7078 14.58
5.7092 14.575
5.7106 14.57
5.712 14.566
5.7134 14.561
5.7148 14.557
5.7163 14.552
5.7177 14.548
5.7191 14.544
5.7205 14.539
5.7219 14.535
5.7233 14.531
5.7247 14.527
5.7262 14.522
5.7276 14.518
5.729 14.514
5.7304 14.509
5.7318 14.505
5.7332 14.501
5.7346 14.497
5.7361 14.492
5.7375 14.488
5.7389 14.483
5.7403 14.479
5.7417 14.474
5.7431 14.469
5.7445 14.465
5.7459 14.46
5.7474 14.455
5.7488 14.45
5.7502 14.445
5.7516 14.441
5.753 14.436
5.7544 14.431
5.7558 14.426
5.7573 14.42
5.7587 14.415
5.7601 14.41
5.7615 14.405
5.7629 14.4
5.7643 14.395
5.7657 14.39
5.7672 14.384
5.7686 14.379
5.77 14.374
5.7714 14.369
5.7728 14.364
5.7742 14.359
5.7756 14.354
5.7771 14.349
5.7785 14.344
5.7799 14.339
5.7813 14.334
5.7827 14.329
5.7841 14.324
5.7855 14.319
5.787 14.315
5.7884 14.31
5.7898 14.306
5.7912 14.301
5.7926 14.297
5.794 14.292
5.7954 14.288
5.7969 14.283
5.7983 14.279
5.7997 14.275
5.8011 14.271
5.8025 14.266
5.8039 14.262
5.8053 14.258
5.8068 14.254
5.8082 14.25
5.8096 14.246
5.811 14.241
5.8124 14.237
5.8138 14.233
5.8152 14.229
5.8167 14.224
5.8181 14.22
5.8195 14.215
5.8209 14.211
5.8223 14.206
5.8237 14.202
5.8251 14.197
5.8266 14.192
5.828 14.187
5.8294 14.182
5.8308 14.177
5.8322 14.172
5.8336 14.167
5.835 14.161
5.8365 14.156
5.8379 14.15
5.8393 14.145
5.8407 14.139
5.8421 14.134
5.8435 14.128
5.8449 14.122
5.8464 14.116
5.8478 14.11
5.8492 14.104
5.8506 14.098
5.852 14.093
5.8534 14.087
5.8548 14.081
5.8563 14.075
5.8577 14.069
5.8591 14.063
5.8605 14.057
5.8619 14.052
5.8633 14.046
5.8647 14.041
5.8662 14.035
5.8676 14.03
5.869 14.024
5.8704 14.019
5.8718 14.014
5.8732 14.009
5.8746 14.004
5.8761 13.999
5.8775 13.995
5.8789 13.99
5.8803 13.985
5.8817 13.981
5.8831 13.977
5.8845 13.972
5.886 13.968
5.8874 13.964
5.8888 13.96
5.8902 13.956
5.8916 13.952
5.893 13.948
5.8944 13.944
5.8959 13.941
5.8973 13.937
5.8987 13.933
5.9001 13.929
5.9015 13.926
5.9029 13.922
5.9043 13.918
5.9058 13.914
5.9072 13.911
5.9086 13.907
5.91 13.903
5.9114 13.899
5.9128 13.895
5.9142 13.891
5.9157 13.888
5.9171 13.884
5.9185 13.88
5.9199 13.876
5.9213 13.871
5.9227 13.867
5.9241 13.863
5.9256 13.859
5.927 13.855
5.9284 13.85
5.9298 13.846
5.9312 13.842
5.9326 13.837
5.934 13.833
5.9355 13.828
5.9369 13.824
5.9383 13.819
5.9397 13.814
5.9411 13.81
5.9425 13.805
5.9439 13.8
5.9454 13.796
5.9468 13.791
5.9482 13.786
5.9496 13.782
5.951 13.777
5.9524 13.772
5.9538 13.767
5.9553 13.763
5.9567 13.758
5.9581 13.753
5.9595 13.749
5.9609 13.744
5.9623 13.74
5.9637 13.735
5.9652 13.731
5.9666 13.726
5.968 13.722
5.9694 13.718
5.9708 13.714
5.9722 13.709
5.9736 13.705
5.9751 13.701
5.9765 13.697
5.9779 13.693
5.9793 13.69
5.9807 13.686
5.9821 13.682
5.9835 13.679
5.985 13.675
5.9864 13.672
5.9878 13.668
5.9892 13.665
5.9906 13.661
5.992 13.658
5.9934 13.655
5.9949 13.651
5.9963 13.648
5.9977 13.645
5.9991 13.642
6.0005 13.639
6.0019 13.635
6.0033 13.632
6.0048 13.629
6.0062 13.625
6.0076 13.622
6.009 13.619
6.0104 13.615
6.0118 13.612
6.0132 13.608
6.0147 13.604
6.0161 13.601
6.0175 13.597
6.0189 13.593
6.0203 13.589
6.0217 13.585
6.0231 13.581
6.0245 13.576
6.026 13.572
6.0274 13.568
6.0288 13.563
6.0302 13.559
6.0316 13.554
6.033 13.549
6.0344 13.545
6.0359 13.54
6.0373 13.535
6.0387 13.531
6.0401 13.526
6.0415 13.521
6.0429 13.516
6.0443 13.512
6.0458 13.507
6.0472 13.502
6.0486 13.498
6.05 13.493
6.0514 13.489
6.0528 13.485
6.0542 13.48
6.0557 13.476
6.0571 13.472
6.0585 13.468
6.0599 13.464
6.0613 13.46
6.0627 13.457
6.0641 13.453
6.0656 13.449
6.067 13.446
6.0684 13.443
6.0698 13.439
6.0712 13.436
6.0726 13.433
6.074 13.429
6.0755 13.426
6.0769 13.423
6.0783 13.42
6.0797 13.416
6.0811 13.413
6.0825 13.41
6.0839 13.406
6.0854 13.403
6.0868 13.4
6.0882 13.396
6.0896 13.393
6.091 13.389
6.0924 13.385
6.0938 13.381
6.0953 13.377
6.0967 13.373
6.0981 13.369
6.0995 13.365
6.1009 13.361
6.1023 13.356
6.1037 13.352
6.1052 13.348
6.1066 13.343
6.108 13.338
6.1094 13.334
6.1108 13.329
6.1122 13.324
6.1136 13.32
6.1151 13.315
6.1165 13.31
6.1179 13.306
6.1193 13.301
6.1207 13.296
6.1221 13.292
6.1235 13.287
6.125 13.283
6.1264 13.278
6.1278 13.274
6.1292 13.27
6.1306 13.266
6.132 13.262
6.1334 13.258
6.1349 13.254
6.1363 13.25
6.1377 13.246
6.1391 13.243
6.1405 13.239
6.1419 13.236
6.1433 13.232
6.1448 13.229
6.1462 13.226
6.1476 13.222
6.149 13.219
6.1504 13.216
6.1518 13.213
6.1532 13.21
6.1547 13.207
6.1561 13.204
6.1575 13.2
6.1589 13.197
6.1603 13.194
6.1617 13.191
6.1631 13.188
6.1646 13.184
6.166 13.181
6.1674 13.177
6.1688 13.174
6.1702 13.17
6.1716 13.167
6.173 13.163
6.1745 13.159
6.1759 13.155
6.1773 13.151
6.1787 13.147
6.1801 13.143
6.1815 13.138
6.1829 13.134
6.1844 13.13
6.1858 13.125
6.1872 13.12
6.1886 13.116
6.19 13.111
6.1914 13.106
6.1928 13.101
6.1943 13.097
6.1957 13.092
6.1971 13.087
6.1985 13.082
6.1999 13.077
6.2013 13.072
6.2027 13.067
6.2042 13.062
6.2056 13.057
6.207 13.053
6.2084 13.048
6.2098 13.043
6.2112 13.039
6.2126 13.034
6.2141 13.03
6.2155 13.025
6.2169 13.021
6.2183 13.017
6.2197 13.013
6.2211 13.009
6.2225 13.005
6.224 13.001
6.2254 12.997
6.2268 12.993
6.2282 12.99
6.2296 12.986
6.231 12.983
6.2324 12.979
6.2339 12.976
6.2353 12.972
6.2367 12.969
6.2381 12.966
6.2395 12.963
6.2409 12.96
6.2423 12.956
6.2438 12.953
6.2452 12.95
6.2466 12.947
6.248 12.944
6.2494 12.941
6.2508 12.938
6.2522 12.935
6.2537 12.932
6.2551 12.929
6.2565 12.926
6.2579 12.922
6.2593 12.919
6.2607 12.916
6.2621 12.913
6.2636 12.91
6.265 12.907
6.2664 12.903
6.2678 12.9
6.2692 12.897
6.2706 12.893
6.272 12.89
6.2735 12.887
6.2749 12.883
6.2763 12.88
6.2777 12.876
6.2791 12.873
6.2805 12.869
6.2819 12.865
6.2834 12.862
6.2848 12.858
6.2862 12.854
6.2876 12.851
6.289 12.847
6.2904 12.843
6.2918 12.839
6.2933 12.836
6.2947 12.832
6.2961 12.828
6.2975 12.824
6.2989 12.82
6.3003 12.817
6.3017 12.813
6.3031 12.809
6.3046 12.805
6.306 12.801
6.3074 12.798
6.3088 12.794
6.3102 12.79
6.3116 12.786
6.313 12.783
6.3145 12.779
6.3159 12.775
6.3173 12.772
6.3187 12.768
6.3201 12.765
6.3215 12.761
6.3229 12.758
6.3244 12.754
6.3258 12.751
6.3272 12.747
6.3286 12.744
6.33 12.74
6.3314 12.737
6.3328 12.734
6.3343 12.73
6.3357 12.727
6.3371 12.724
6.3385 12.721
6.3399 12.717
6.3413 12.714
6.3427 12.711
6.3442 12.708
6.3456 12.705
6.347 12.702
6.3484 12.698
6.3498 12.695
6.3512 12.692
6.3526 12.689
6.3541 12.686
6.3555 12.683
6.3569 12.679
6.3583 12.676
6.3597 12.673
6.3611 12.67
6.3625 12.666
6.364 12.663
6.3654 12.66
6.3668 12.656
6.3682 12.653
6.3696 12.649
6.371 12.646
6.3724 12.642
6.3739 12.639
6.3753 12.635
6.3767 12.632
6.3781 12.628
6.3795 12.625
6.3809 12.621
6.3823 12.618
6.3838 12.614
6.3852 12.61
6.3866 12.607
6.388 12.603
6.3894 12.599
6.3908 12.596
6.3922 12.592
6.3937 12.589
6.3951 12.585
6.3965 12.582
6.3979 12.578
6.3993 12.575
6.4007 12.571
6.4021 12.568
6.4036 12.565
6.405 12.561
6.4064 12.558
6.4078 12.555
6.4092 12.551
6.4106 12.548
6.412 12.545
6.4135 12.542
6.4149 12.539
6.4163 12.535
6.4177 12.532
6.4191 12.529
6.4205 12.526
6.4219 12.523
6.4234 12.52
6.4248 12.517
6.4262 12.514
6.4276 12.511
6.429 12.508
6.4304 12.505
6.4318 12.501
6.4333 12.498
6.4347 12.495
6.4361 12.492
6.4375 12.489
6.4389 12.486
6.4403 12.482
6.4417 12.479
6.4432 12.476
6.4446 12.473
6.446 12.469
6.4474 12.466
6.4488 12.462
6.4502 12.459
6.4516 12.455
6.4531 12.452
6.4545 12.448
6.4559 12.445
6.4573 12.441
6.4587 12.438
6.4601 12.434
6.4615 12.43
6.463 12.427
6.4644 12.423
6.4658 12.419
6.4672 12.415
6.4686 12.412
6.47 12.408
6.4714 12.404
6.4729 12.401
6.4743 12.397
6.4757 12.393
6.4771 12.39
6.4785 12.386
6.4799 12.383
6.4813 12.379
6.4828 12.376
6.4842 12.372
6.4856 12.369
6.487 12.365
6.4884 12.362
6.4898 12.359
6.4912 12.356
6.4927 12.352
6.4941 12.349
6.4955 12.346
6.4969 12.343
6.4983 12.34
6.4997 12.337
6.5011 12.334
6.5026 12.33
6.504 12.327
6.5054 12.324
6.5068 12.321
6.5082 12.318
6.5096 12.315
6.511 12.312
6.5125 12.309
6.5139 12.306
6.5153 12.303
6.5167 12.3
6.5181 12.297
6.5195 12.294
6.5209 12.291
6.5224 12.288
6.5238 12.285
6.5252 12.282
6.5266 12.279
6.528 12.276
6.5294 12.272
6.5308 12.269
6.5323 12.266
6.5337 12.263
6.5351 12.259
6.5365 12.256
6.5379 12.253
6.5393 12.249
6.5407 12.246
6.5422 12.242
6.5436 12.239
6.545 12.235
6.5464 12.232
6.5478 12.228
6.5492 12.224
6.5506 12.221
6.5521 12.217
6.5535 12.213
6.5549 12.21
6.5563 12.206
6.5577 12.202
6.5591 12.198
6.5605 12.195
6.562 12.191
6.5634 12.187
6.5648 12.183
6.5662 12.18
6.5676 12.176
6.569 12.172
6.5704 12.169
6.5719 12.165
6.5733 12.161
6.5747 12.158
6.5761 12.155
6.5775 12.151
6.5789 12.148
6.5803 12.144
6.5817 12.141
6.5832 12.138
6.5846 12.135
6.586 12.132
6.5874 12.129
6.5888 12.126
6.5902 12.123
6.5916 12.12
6.5931 12.117
6.5945 12.115
6.5959 12.112
6.5973 12.109
6.5987 12.107
6.6001 12.104
6.6015 12.102
6.603 12.099
6.6044 12.097
6.6058 12.094
6.6072 12.092
6.6086 12.09
6.61 12.087
6.6114 12.085
6.6129 12.082
6.6143 12.08
6.6157 12.078
6.6171 12.075
6.6185 12.073
6.6199 12.071
6.6213 12.068
6.6228 12.066
6.6242 12.063
6.6256 12.061
6.627 12.058
6.6284 12.056
6.6298 12.053
6.6312 12.051
6.6327 12.048
6.6341 12.045
6.6355 12.043
6.6369 12.04
6.6383 12.037
6.6397 12.034
6.6411 12.031
6.6426 12.028
6.644 12.025
6.6454 12.022
6.6468 12.019
6.6482 12.016
6.6496 12.013
6.651 12.01
6.6525 12.007
6.6539 12.004
6.6553 12.001
6.6567 11.998
6.6581 11.995
6.6595 11.991
6.6609 11.988
6.6624 11.985
6.6638 11.982
6.6652 11.979
6.6666 11.976
6.668 11.972
6.6694 11.969
6.6708 11.966
6.6723 11.963
6.6737 11.96
6.6751 11.957
6.6765 11.954
6.6779 11.951
6.6793 11.948
6.6807 11.945
6.6822 11.942
6.6836 11.939
6.685 11.936
6.6864 11.934
6.6878 11.931
6.6892 11.928
6.6906 11.925
6.6921 11.923
6.6935 11.92
6.6949 11.917
6.6963 11.915
6.6977 11.912
6.6991 11.91
6.7005 11.907
6.702 11.905
6.7034 11.903
6.7048 11.9
6.7062 11.898
6.7076 11.896
6.709 11.894
6.7104 11.892
6.7119 11.889
6.7133 11.887
6.7147 11.885
6.7161 11.883
6.7175 11.881
6.7189 11.879
6.7203 11.877
6.7218 11.875
6.7232 11.873
6.7246 11.871
6.726 11.869
6.7274 11.867
6.7288 11.865
6.7302 11.863
6.7317 11.861
6.7331 11.858
6.7345 11.856
6.7359 11.854
6.7373 11.852
6.7387 11.85
6.7401 11.848
6.7416 11.845
6.743 11.843
6.7444 11.841
6.7458 11.839
6.7472 11.836
6.7486 11.834
6.75 11.831
6.7515 11.829
6.7529 11.827
6.7543 11.824
6.7557 11.822
6.7571 11.819
6.7585 11.817
6.7599 11.815
6.7614 11.812
6.7628 11.81
6.7642 11.808
6.7656 11.805
6.767 11.803
6.7684 11.801
6.7698 11.799
6.7713 11.797
6.7727 11.795
6.7741 11.793
6.7755 11.791
6.7769 11.789
6.7783 11.787
6.7797 11.786
6.7812 11.784
6.7826 11.783
6.784 11.781
6.7854 11.78
6.7868 11.779
6.7882 11.778
6.7896 11.777
6.7911 11.776
6.7925 11.775
6.7939 11.775
6.7953 11.774
6.7967 11.774
6.7981 11.773
6.7995 11.773
6.801 11.773
6.8024 11.773
6.8038 11.773
6.8052 11.773
6.8066 11.773
6.808 11.773
6.8094 11.774
6.8109 11.774
6.8123 11.775
6.8137 11.775
6.8151 11.776
6.8165 11.776
6.8179 11.777
6.8193 11.777
6.8208 11.778
6.8222 11.778
6.8236 11.779
6.825 11.78
6.8264 11.78
6.8278 11.781
6.8292 11.782
6.8307 11.782
6.8321 11.783
6.8335 11.784
6.8349 11.784
6.8363 11.785
6.8377 11.786
6.8391 11.786
6.8406 11.787
6.842 11.788
6.8434 11.788
6.8448 11.789
6.8462 11.789
6.8476 11.79
6.849 11.791
6.8505 11.791
6.8519 11.792
6.8533 11.793
6.8547 11.793
6.8561 11.794
6.8575 11.794
6.8589 11.795
6.8603 11.795
6.8618 11.796
6.8632 11.797
6.8646 11.797
6.866 11.798
6.8674 11.798
6.8688 11.798
6.8702 11.799
6.8717 11.799
6.8731 11.8
6.8745 11.8
6.8759 11.8
6.8773 11.801
6.8787 11.801
6.8801 11.801
6.8816 11.801
6.883 11.801
6.8844 11.801
6.8858 11.801
6.8872 11.801
6.8886 11.801
6.89 11.801
6.8915 11.801
6.8929 11.801
6.8943 11.8
6.8957 11.8
6.8971 11.799
6.8985 11.799
6.8999 11.798
6.9014 11.798
6.9028 11.797
6.9042 11.796
6.9056 11.795
6.907 11.794
6.9084 11.793
6.9098 11.792
6.9113 11.791
6.9127 11.79
6.9141 11.789
6.9155 11.788
6.9169 11.787
6.9183 11.785
6.9197 11.784
6.9212 11.783
6.9226 11.782
6.924 11.781
6.9254 11.779
6.9268 11.778
6.9282 11.777
6.9296 11.776
6.9311 11.775
6.9325 11.774
6.9339 11.773
6.9353 11.772
6.9367 11.771
6.9381 11.77
6.9395 11.769
6.941 11.769
6.9424 11.768
6.9438 11.768
6.9452 11.767
6.9466 11.767
6.948 11.767
6.9494 11.766
6.9509 11.766
6.9523 11.766
6.9537 11.766
6.9551 11.766
6.9565 11.767
6.9579 11.767
6.9593 11.767
6.9608 11.768
6.9622 11.769
6.9636 11.769
6.965 11.77
6.9664 11.771
6.9678 11.772
6.9692 11.773
6.9707 11.774
6.9721 11.775
6.9735 11.776
6.9749 11.777
6.9763 11.779
6.9777 11.78
6.9791 11.782
6.9806 11.784
6.982 11.785
6.9834 11.787
6.9848 11.789
6.9862 11.791
6.9876 11.793
6.989 11.795
6.9905 11.798
6.9919 11.8
6.9933 11.803
6.9947 11.805
6.9961 11.808
6.9975 11.811
6.9989 11.814
7.0004 11.818
7.0018 11.821
7.0032 11.825
7.0046 11.829
7.006 11.833
7.0074 11.837
7.0088 11.841
7.0103 11.846
7.0117 11.851
7.0131 11.856
7.0145 11.861
7.0159 11.867
7.0173 11.873
7.0187 11.879
7.0202 11.885
7.0216 11.892
7.023 11.898
7.0244 11.906
7.0258 11.913
7.0272 11.921
7.0286 11.929
7.0301 11.937
7.0315 11.946
7.0329 11.955
7.0343 11.964
7.0357 11.973
7.0371 11.983
7.0385 11.993
7.04 12.003
7.0414 12.014
7.0428 12.024
7.0442 12.035
7.0456 12.047
7.047 12.058
7.0484 12.07
7.0499 12.081
7.0513 12.093
7.0527 12.104
7.0541 12.116
7.0555 12.128
7.0569 12.139
7.0583 12.151
7.0598 12.162
7.0612 12.173
7.0626 12.183
7.064 12.194
7.0654 12.204
7.0668 12.213
7.0682 12.222
7.0697 12.231
7.0711 12.239
7.0725 12.246
7.0739 12.253
7.0753 12.259
7.0767 12.265
7.0781 12.27
7.0796 12.275
7.081 12.279
7.0824 12.283
7.0838 12.287
7.0852 12.29
7.0866 12.292
7.088 12.294
7.0895 12.296
7.0909 12.298
7.0923 12.299
7.0937 12.3
7.0951 12.301
7.0965 12.302
7.0979 12.303
7.0994 12.304
7.1008 12.304
7.1022 12.304
7.1036 12.305
7.105 12.305
7.1064 12.305
7.1078 12.305
7.1093 12.305
7.1107 12.305
7.1121 12.304
7.1135 12.304
7.1149 12.304
7.1163 12.303
7.1177 12.303
7.1192 12.302
7.1206 12.301
7.122 12.301
7.1234 12.3
7.1248 12.3
7.1262 12.299
7.1276 12.299
7.1291 12.298
7.1305 12.298
7.1319 12.298
7.1333 12.298
7.1347 12.298
7.1361 12.298
7.1375 12.298
7.139 12.299
7.1404 12.299
7.1418 12.3
7.1432 12.301
7.1446 12.303
7.146 12.304
7.1474 12.306
7.1488 12.307
7.1503 12.309
7.1517 12.311
7.1531 12.314
7.1545 12.316
7.1559 12.319
7.1573 12.321
7.1587 12.324
7.1602 12.327
7.1616 12.329
7.163 12.332
7.1644 12.335
7.1658 12.338
7.1672 12.341
7.1686 12.344
7.1701 12.347
7.1715 12.35
7.1729 12.352
7.1743 12.355
7.1757 12.358
7.1771 12.36
7.1785 12.363
7.18 12.366
7.1814 12.368
7.1828 12.371
7.1842 12.373
7.1856 12.375
7.187 12.378
7.1884 12.381
7.1899 12.383
7.1913 12.386
7.1927 12.389
7.1941 12.392
7.1955 12.395
7.1969 12.398
7.1983 12.402
7.1998 12.406
7.2012 12.41
7.2026 12.415
7.204 12.42
7.2054 12.425
7.2068 12.43
7.2082 12.436
7.2097 12.442
7.2111 12.449
7.2125 12.456
7.2139 12.464
7.2153 12.472
7.2167 12.481
7.2181 12.49
7.2196 12.5
7.221 12.511
7.2224 12.522
7.2238 12.533
7.2252 12.545
7.2266 12.558
7.228 12.572
7.2295 12.586
7.2309 12.6
7.2323 12.615
7.2337 12.631
7.2351 12.647
7.2365 12.664
7.2379 12.681
7.2394 12.699
7.2408 12.717
7.2422 12.735
7.2436 12.753
7.245 12.772
7.2464 12.791
7.2478 12.81
7.2493 12.83
7.2507 12.849
7.2521 12.868
7.2535 12.888
7.2549 12.907
7.2563 12.927
7.2577 12.946
7.2592 12.966
7.2606 12.985
7.262 13.004
7.2634 13.023
7.2648 13.042
7.2662 13.061
7.2676 13.08
7.2691 13.098
7.2705 13.117
7.2719 13.135
7.2733 13.152
7.2747 13.17
7.2761 13.187
7.2775 13.203
7.279 13.22
7.2804 13.235
7.2818 13.251
7.2832 13.266
7.2846 13.28
7.286 13.294
7.2874 13.307
7.2889 13.32
7.2903 13.333
7.2917 13.345
7.2931 13.357
7.2945 13.369
7.2959 13.38
7.2973 13.391
7.2988 13.403
7.3002 13.414
7.3016 13.425
7.303 13.436
7.3044 13.447
7.3058 13.459
7.3072 13.47
7.3087 13.481
7.3101 13.493
7.3115 13.504
7.3129 13.516
7.3143 13.527
7.3157 13.539
7.3171 13.55
7.3186 13.562
7.32 13.573
7.3214 13.584
7.3228 13.595
7.3242 13.606
7.3256 13.616
7.327 13.626
7.3285 13.636
7.3299 13.645
7.3313 13.654
7.3327 13.662
7.3341 13.67
7.3355 13.677
7.3369 13.685
7.3384 13.691
7.3398 13.697
7.3412 13.703
7.3426 13.709
7.344 13.713
7.3454 13.718
7.3468 13.722
7.3483 13.726
7.3497 13.73
7.3511 13.733
7.3525 13.736
7.3539 13.739
7.3553 13.742
7.3567 13.745
7.3582 13.748
7.3596 13.75
7.361 13.752
7.3624 13.755
7.3638 13.757
7.3652 13.759
7.3666 13.762
7.3681 13.764
7.3695 13.767
7.3709 13.769
7.3723 13.771
7.3737 13.774
7.3751 13.776
7.3765 13.779
7.378 13.781
7.3794 13.784
7.3808 13.786
7.3822 13.789
7.3836 13.791
7.385 13.794
7.3864 13.797
7.3879 13.799
7.3893 13.802
7.3907 13.805
7.3921 13.808
7.3935 13.811
7.3949 13.814
7.3963 13.818
7.3978 13.821
7.3992 13.824
7.4006 13.828
7.402 13.832
7.4034 13.835
7.4048 13.839
7.4062 13.843
7.4077 13.847
7.4091 13.851
7.4105 13.855
7.4119 13.859
7.4133 13.863
7.4147 13.867
7.4161 13.871
7.4176 13.875
7.419 13.879
7.4204 13.883
7.4218 13.887
7.4232 13.891
7.4246 13.895
7.426 13.899
7.4274 13.902
7.4289 13.906
7.4303 13.909
7.4317 13.913
7.4331 13.916
7.4345 13.919
7.4359 13.922
7.4373 13.925
7.4388 13.927
7.4402 13.93
7.4416 13.932
7.443 13.935
7.4444 13.937
7.4458 13.939
7.4472 13.941
7.4487 13.943
7.4501 13.945
7.4515 13.947
7.4529 13.949
7.4543 13.951
7.4557 13.953
7.4571 13.955
7.4586 13.957
7.46 13.959
7.4614 13.962
7.4628 13.964
7.4642 13.967
7.4656 13.97
7.467 13.973
7.4685 13.976
7.4699 13.98
7.4713 13.983
7.4727 13.987
7.4741 13.992
7.4755 13.996
7.4769 14.001
7.4784 14.006
7.4798 14.011
7.4812 14.016
7.4826 14.022
7.484 14.028
7.4854 14.034
7.4868 14.04
7.4883 14.047
7.4897 14.054
7.4911 14.06
7.4925 14.067
7.4939 14.074
7.4953 14.081
7.4967 14.089
7.4982 14.096
7.4996 14.103
7.501 14.111
7.5024 14.118
7.5038 14.126
7.5052 14.133
7.5066 14.14
7.5081 14.147
7.5095 14.155
7.5109 14.162
7.5123 14.169
7.5137 14.175
7.5151 14.182
7.5165 14.189
7.518 14.195
7.5194 14.201
7.5208 14.207
7.5222 14.213
7.5236 14.219
7.525 14.225
7.5264 14.23
7.5279 14.235
7.5293 14.24
7.5307 14.245
7.5321 14.249
7.5335 14.253
7.5349 14.257
7.5363 14.261
7.5378 14.264
7.5392 14.267
7.5406 14.269
7.542 14.271
7.5434 14.272
7.5448 14.273
7.5462 14.274
7.5477 14.274
7.5491 14.274
7.5505 14.273
7.5519 14.273
7.5533 14.272
7.5547 14.27
7.5561 14.269
7.5576 14.267
7.559 14.265
7.5604 14.263
7.5618 14.261
7.5632 14.259
7.5646 14.257
7.566 14.254
7.5675 14.252
7.5689 14.249
7.5703 14.246
7.5717 14.244
7.5731 14.241
7.5745 14.237
7.5759 14.234
7.5774 14.231
7.5788 14.227
7.5802 14.224
7.5816 14.22
7.583 14.215
7.5844 14.211
7.5858 14.207
7.5873 14.202
7.5887 14.198
7.5901 14.193
7.5915 14.188
7.5929 14.183
7.5943 14.178
7.5957 14.173
7.5972 14.167
7.5986 14.162
7.6 14.157
7.6014 14.152
7.6028 14.146
7.6042 14.141
7.6056 14.136
7.6071 14.13
7.6085 14.125
7.6099 14.12
7.6113 14.115
7.6127 14.109
7.6141 14.104
7.6155 14.099
7.617 14.094
7.6184 14.089
7.6198 14.083
7.6212 14.078
7.6226 14.073
7.624 14.068
7.6254 14.062
7.6269 14.057
7.6283 14.052
7.6297 14.047
7.6311 14.041
7.6325 14.036
7.6339 14.03
7.6353 14.025
7.6368 14.02
7.6382 14.014
7.6396 14.009
7.641 14.003
7.6424 13.998
7.6438 13.993
7.6452 13.988
7.6467 13.982
7.6481 13.977
7.6495 13.972
7.6509 13.967
7.6523 13.963
7.6537 13.958
7.6551 13.953
7.6566 13.949
7.658 13.944
7.6594 13.939
7.6608 13.935
7.6622 13.931
7.6636 13.926
7.665 13.922
7.6665 13.918
7.6679 13.913
7.6693 13.909
7.6707 13.905
7.6721 13.9
7.6735 13.896
7.6749 13.892
7.6764 13.888
7.6778 13.883
7.6792 13.879
7.6806 13.875
7.682 13.87
7.6834 13.866
7.6848 13.862
7.6863 13.858
7.6877 13.854
7.6891 13.849
7.6905 13.845
7.6919 13.841
7.6933 13.837
7.6947 13.834
7.6962 13.83
7.6976 13.826
7.699 13.823
7.7004 13.819
7.7018 13.815
7.7032 13.812
7.7046 13.808
7.706 13.805
7.7075 13.802
7.7089 13.798
7.7103 13.795
7.7117 13.791
7.7131 13.788
7.7145 13.785
7.7159 13.781
7.7174 13.778
7.7188 13.774
7.7202 13.771
7.7216 13.767
7.723 13.764
7.7244 13.761
7.7258 13.757
7.7273 13.753
7.7287 13.75
7.7301 13.746
7.7315 13.743
7.7329 13.739
7.7343 13.736
7.7357 13.732
7.7372 13.728
7.7386 13.725
7.74 13.721
7.7414 13.717
7.7428 13.713
7.7442 13.709
7.7456 13.706
7.7471 13.702
7.7485 13.698
7.7499 13.694
7.7513 13.69
7.7527 13.687
7.7541 13.683
7.7555 13.679
7.757 13.675
7.7584 13.672
7.7598 13.668
7.7612 13.664
7.7626 13.661
7.764 13.657
7.7654 13.654
7.7669 13.65
7.7683 13.647
7.7697 13.643
7.7711 13.64
7.7725 13.637
7.7739 13.634
7.7753 13.631
7.7768 13.627
7.7782 13.625
7.7796 13.622
7.781 13.619
7.7824 13.616
7.7838 13.614
7.7852 13.611
7.7867 13.608
7.7881 13.606
7.7895 13.603
7.7909 13.601
7.7923 13.599
7.7937 13.597
7.7951 13.595
7.7966 13.593
7.798 13.591
7.7994 13.589
7.8008 13.587
7.8022 13.586
7.8036 13.584
7.805 13.583
7.8065 13.581
7.8079 13.58
7.8093 13.579
7.8107 13.578
7.8121 13.577
7.8135 13.576
7.8149 13.574
7.8164 13.573
7.8178 13.572
7.8192 13.571
7.8206 13.569
7.822 13.568
7.8234 13.566
7.8248 13.564
7.8263 13.563
7.8277 13.561
7.8291 13.559
7.8305 13.557
7.8319 13.554
7.8333 13.552
7.8347 13.549
7.8362 13.547
7.8376 13.544
7.839 13.541
7.8404 13.538
7.8418 13.534
7.8432 13.531
7.8446 13.527
7.8461 13.524
7.8475 13.52
7.8489 13.516
7.8503 13.512
7.8517 13.508
7.8531 13.505
7.8545 13.501
7.856 13.496
7.8574 13.492
7.8588 13.488
7.8602 13.484
7.8616 13.48
7.863 13.475
7.8644 13.471
7.8659 13.466
7.8673 13.461
7.8687 13.457
7.8701 13.452
7.8715 13.447
7.8729 13.442
7.8743 13.437
7.8758 13.432
7.8772 13.426
7.8786 13.421
7.88 13.416
7.8814 13.41
7.8828 13.405
7.8842 13.399
7.8857 13.393
7.8871 13.387
7.8885 13.381
7.8899 13.376
7.8913 13.37
7.8927 13.364
7.8941 13.358
7.8956 13.351
7.897 13.345
7.8984 13.339
7.8998 13.333
7.9012 13.327
7.9026 13.321
7.904 13.315
7.9055 13.309
7.9069 13.302
7.9083 13.296
7.9097 13.29
7.9111 13.284
7.9125 13.278
7.9139 13.273
7.9154 13.267
7.9168 13.261
7.9182 13.255
7.9196 13.25
7.921 13.245
7.9224 13.239
7.9238 13.234
7.9253 13.229
7.9267 13.224
7.9281 13.219
7.9295 13.213
7.9309 13.208
7.9323 13.203
7.9337 13.198
7.9352 13.193
7.9366 13.188
7.938 13.183
7.9394 13.178
7.9408 13.173
7.9422 13.168
7.9436 13.162
7.9451 13.157
7.9465 13.152
7.9479 13.147
7.9493 13.142
7.9507 13.137
7.9521 13.132
7.9535 13.128
7.955 13.123
7.9564 13.118
7.9578 13.114
7.9592 13.109
7.9606 13.105
7.962 13.1
7.9634 13.096
7.9649 13.092
7.9663 13.088
7.9677 13.084
7.9691 13.08
7.9705 13.076
7.9719 13.072
7.9733 13.067
7.9748 13.063
7.9762 13.059
7.9776 13.055
7.979 13.051
7.9804 13.047
7.9818 13.043
7.9832 13.039
7.9846 13.035
7.9861 13.031
7.9875 13.027
7.9889 13.023
7.9903 13.019
7.9917 13.015
7.9931 13.011
7.9945 13.007
7.996 13.003
7.9974 12.999
7.9988 12.995
8.0002 12.991
8.0016 12.987
8.003 12.983
8.0044 12.98
8.0059 12.976
8.0073 12.972
8.0087 12.968
8.0101 12.965
8.0115 12.961
8.0129 12.957
8.0143 12.954
8.0158 12.95
8.0172 12.947
8.0186 12.943
8.02 12.94
8.0214 12.936
8.0228 12.933
8.0242 12.929
8.0257 12.926
8.0271 12.922
8.0285 12.919
8.0299 12.916
8.0313 12.912
8.0327 12.909
8.0341 12.905
8.0356 12.902
8.037 12.899
8.0384 12.895
8.0398 12.892
8.0412 12.888
8.0426 12.885
8.044 12.882
8.0455 12.878
8.0469 12.875
8.0483 12.871
8.0497 12.868
8.0511 12.865
8.0525 12.862
8.0539 12.858
8.0554 12.855
8.0568 12.852
8.0582 12.849
8.0596 12.846
8.061 12.843
8.0624 12.84
8.0638 12.836
8.0653 12.833
8.0667 12.83
8.0681 12.827
8.0695 12.824
8.0709 12.821
8.0723 12.818
8.0737 12.815
8.0752 12.812
8.0766 12.809
8.078 12.807
8.0794 12.804
8.0808 12.802
8.0822 12.8
8.0836 12.798
8.0851 12.795
8.0865 12.794
8.0879 12.792
8.0893 12.79
8.0907 12.788
8.0921 12.786
8.0935 12.785
8.095 12.783
8.0964 12.782
8.0978 12.78
8.0992 12.779
8.1006 12.777
8.102 12.776
8.1034 12.774
8.1049 12.773
8.1063 12.771
8.1077 12.77
8.1091 12.769
8.1105 12.768
8.1119 12.766
8.1133 12.765
8.1148 12.764
8.1162 12.763
8.1176 12.761
8.119 12.76
8.1204 12.759
8.1218 12.758
8.1232 12.757
8.1247 12.756
8.1261 12.755
8.1275 12.754
8.1289 12.753
8.1303 12.753
8.1317 12.752
8.1331 12.751
8.1346 12.751
8.136 12.75
8.1374 12.75
8.1388 12.749
8.1402 12.749
8.1416 12.748
8.143 12.748
8.1445 12.747
8.1459 12.747
8.1473 12.747
8.1487 12.747
8.1501 12.747
8.1515 12.747
8.1529 12.748
8.1544 12.748
8.1558 12.748
8.1572 12.749
8.1586 12.749
8.16 12.75
8.1614 12.75
8.1628 12.751
8.1643 12.751
8.1657 12.752
8.1671 12.752
8.1685 12.752
8.1699 12.752
8.1713 12.753
8.1727 12.753
8.1742 12.753
8.1756 12.752
8.177 12.752
8.1784 12.751
8.1798 12.751
8.1812 12.75
8.1826 12.749
8.1841 12.748
8.1855 12.747
8.1869 12.746
8.1883 12.745
8.1897 12.743
8.1911 12.742
8.1925 12.74
8.194 12.739
8.1954 12.737
8.1968 12.735
8.1982 12.733
8.1996 12.732
8.201 12.73
8.2024 12.728
8.2039 12.726
8.2053 12.724
8.2067 12.722
8.2081 12.721
8.2095 12.719
8.2109 12.717
8.2123 12.715
8.2138 12.713
8.2152 12.711
8.2166 12.709
8.218 12.708
8.2194 12.706
8.2208 12.704
8.2222 12.702
8.2237 12.701
8.2251 12.699
8.2265 12.697
8.2279 12.696
8.2293 12.694
8.2307 12.693
8.2321 12.692
8.2336 12.69
8.235 12.689
8.2364 12.687
8.2378 12.686
8.2392 12.685
8.2406 12.683
8.242 12.682
8.2435 12.68
8.2449 12.678
8.2463 12.677
8.2477 12.675
8.2491 12.673
8.2505 12.671
8.2519 12.669
8.2534 12.667
8.2548 12.665
8.2562 12.663
8.2576 12.661
8.259 12.659
8.2604 12.657
8.2618 12.655
8.2632 12.653
8.2647 12.651
8.2661 12.649
8.2675 12.648
8.2689 12.646
8.2703 12.644
8.2717 12.642
8.2731 12.64
8.2746 12.638
8.276 12.636
8.2774 12.634
8.2788 12.632
8.2802 12.631
8.2816 12.629
8.283 12.627
8.2845 12.626
8.2859 12.624
8.2873 12.622
8.2887 12.621
8.2901 12.619
8.2915 12.618
8.2929 12.616
8.2944 12.615
8.2958 12.613
8.2972 12.612
8.2986 12.61
8.3 12.609
8.3014 12.608
8.3028 12.607
8.3043 12.606
8.3057 12.605
8.3071 12.604
8.3085 12.604
8.3099 12.603
8.3113 12.602
8.3127 12.602
8.3142 12.601
8.3156 12.601
8.317 12.6
8.3184 12.6
8.3198 12.599
8.3212 12.599
8.3226 12.598
8.3241 12.598
8.3255 12.598
8.3269 12.597
8.3283 12.597
8.3297 12.597
8.3311 12.597
8.3325 12.597
8.334 12.596
8.3354 12.596
8.3368 12.596
8.3382 12.596
8.3396 12.596
8.341 12.596
8.3424 12.596
8.3439 12.596
8.3453 12.596
8.3467 12.596
8.3481 12.596
8.3495 12.596
8.3509 12.596
8.3523 12.596
8.3538 12.596
8.3552 12.596
8.3566 12.596
8.358 12.596
8.3594 12.596
8.3608 12.596
8.3622 12.597
8.3637 12.597
8.3651 12.597
8.3665 12.597
8.3679 12.597
8.3693 12.597
8.3707 12.597
8.3721 12.597
8.3736 12.597
8.375 12.597
8.3764 12.598
8.3778 12.598
8.3792 12.598
8.3806 12.598
8.382 12.598
8.3835 12.599
8.3849 12.599
8.3863 12.599
8.3877 12.599
8.3891 12.599
8.3905 12.599
8.3919 12.599
8.3934 12.599
8.3948 12.599
8.3962 12.599
8.3976 12.599
8.399 12.599
8.4004 12.599
8.4018 12.599
8.4033 12.599
8.4047 12.599
8.4061 12.6
8.4075 12.6
8.4089 12.6
8.4103 12.6
8.4117 12.6
8.4132 12.6
8.4146 12.601
8.416 12.601
8.4174 12.601
8.4188 12.601
8.4202 12.602
8.4216 12.602
8.4231 12.602
8.4245 12.602
8.4259 12.603
8.4273 12.603
8.4287 12.603
8.4301 12.604
8.4315 12.604
8.433 12.605
8.4344 12.605
8.4358 12.606
8.4372 12.606
8.4386 12.607
8.44 12.608
8.4414 12.608
8.4429 12.609
8.4443 12.61
8.4457 12.611
8.4471 12.612
8.4485 12.613
8.4499 12.614
8.4513 12.615
8.4528 12.616
8.4542 12.617
8.4556 12.618
8.457 12.618
8.4584 12.619
8.4598 12.62
8.4612 12.621
8.4627 12.622
8.4641 12.623
8.4655 12.624
8.4669 12.625
8.4683 12.626
8.4697 12.627
8.4711 12.628
8.4726 12.63
8.474 12.631
8.4754 12.632
8.4768 12.633
8.4782 12.635
8.4796 12.636
8.481 12.638
8.4825 12.639
8.4839 12.641
8.4853 12.642
8.4867 12.644
8.4881 12.645
8.4895 12.647
8.4909 12.648
8.4924 12.65
8.4938 12.651
8.4952 12.653
8.4966 12.654
8.498 12.655
8.4994 12.657
8.5008 12.658
8.5023 12.659
8.5037 12.66
8.5051 12.662
8.5065 12.663
8.5079 12.664
8.5093 12.665
8.5107 12.667
8.5122 12.668
8.5136 12.669
8.515 12.671
8.5164 12.672
8.5178 12.673
8.5192 12.674
8.5206 12.675
8.5221 12.676
8.5235 12.677
8.5249 12.677
8.5263 12.678
8.5277 12.679
8.5291 12.679
8.5305 12.679
8.532 12.68
8.5334 12.68
8.5348 12.68
8.5362 12.681
8.5376 12.681
8.539 12.681
8.5404 12.681
8.5418 12.681
8.5433 12.681
8.5447 12.68
8.5461 12.68
8.5475 12.68
8.5489 12.679
8.5503 12.678
8.5517 12.678
8.5532 12.677
8.5546 12.676
8.556 12.675
8.5574 12.674
8.5588 12.673
8.5602 12.672
8.5616 12.671
8.5631 12.669
8.5645 12.668
8.5659 12.666
8.5673 12.665
8.5687 12.663
8.5701 12.662
8.5715 12.66
8.573 12.659
8.5744 12.657
8.5758 12.655
8.5772 12.654
8.5786 12.652
8.58 12.65
8.5814 12.648
8.5829 12.647
8.5843 12.645
8.5857 12.643
8.5871 12.641
8.5885 12.639
8.5899 12.637
8.5913 12.634
8.5928 12.632
8.5942 12.63
8.5956 12.628
8.597 12.626
8.5984 12.623
8.5998 12.621
8.6012 12.619
8.6027 12.617
8.6041 12.615
8.6055 12.613
8.6069 12.611
8.6083 12.608
8.6097 12.606
8.6111 12.604
8.6126 12.603
8.614 12.601
8.6154 12.599
8.6168 12.597
8.6182 12.595
8.6196 12.593
8.621 12.591
8.6225 12.59
8.6239 12.588
8.6253 12.586
8.6267 12.584
8.6281 12.583
8.6295 12.581
8.6309 12.579
8.6324 12.578
8.6338 12.576
8.6352 12.575
8.6366 12.573
8.638 12.572
8.6394 12.571
8.6408 12.57
8.6423 12.568
8.6437 12.567
8.6451 12.566
8.6465 12.565
8.6479 12.564
8.6493 12.563
8.6507 12.561
8.6522 12.56
8.6536 12.559
8.655 12.558
8.6564 12.557
8.6578 12.556
8.6592 12.555
8.6606 12.554
8.6621 12.553
8.6635 12.553
8.6649 12.552
8.6663 12.551
8.6677 12.551
8.6691 12.55
8.6705 12.55
8.672 12.549
8.6734 12.549
8.6748 12.548
8.6762 12.548
8.6776 12.547
8.679 12.547
8.6804 12.546
8.6819 12.546
8.6833 12.545
8.6847 12.545
8.6861 12.545
8.6875 12.544
8.6889 12.544
8.6903 12.543
8.6918 12.543
8.6932 12.542
8.6946 12.542
8.696 12.541
8.6974 12.54
8.6988 12.539
8.7002 12.539
8.7017 12.538
8.7031 12.537
8.7045 12.536
8.7059 12.535
8.7073 12.534
8.7087 12.533
8.7101 12.532
8.7116 12.532
8.713 12.531
8.7144 12.53
8.7158 12.529
8.7172 12.528
8.7186 12.527
8.72 12.527
8.7215 12.526
8.7229 12.525
8.7243 12.525
8.7257 12.524
8.7271 12.524
8.7285 12.523
8.7299 12.523
8.7314 12.522
8.7328 12.521
8.7342 12.521
8.7356 12.52
8.737 12.519
8.7384 12.519
8.7398 12.518
8.7413 12.517
8.7427 12.517
8.7441 12.516
8.7455 12.515
8.7469 12.515
8.7483 12.514
8.7497 12.514
8.7512 12.513
8.7526 12.512
8.754 12.512
8.7554 12.511
8.7568 12.511
8.7582 12.51
8.7596 12.51
8.7611 12.509
8.7625 12.509
8.7639 12.508
8.7653 12.508
8.7667 12.507
8.7681 12.507
8.7695 12.506
8.771 12.506
8.7724 12.506
8.7738 12.505
8.7752 12.505
8.7766 12.505
8.778 12.504
8.7794 12.504
8.7809 12.504
8.7823 12.504
8.7837 12.503
8.7851 12.503
8.7865 12.503
8.7879 12.503
8.7893 12.503
8.7908 12.503
8.7922 12.503
8.7936 12.503
8.795 12.503
8.7964 12.503
8.7978 12.503
8.7992 12.503
8.8007 12.503
8.8021 12.504
8.8035 12.504
8.8049 12.504
8.8063 12.504
8.8077 12.505
8.8091 12.505
8.8106 12.505
8.812 12.506
8.8134 12.506
8.8148 12.507
8.8162 12.507
8.8176 12.507
8.819 12.508
8.8204 12.508
8.8219 12.508
8.8233 12.508
8.8247 12.509
8.8261 12.509
8.8275 12.509
8.8289 12.509
8.8303 12.509
8.8318 12.509
8.8332 12.508
8.8346 12.508
8.836 12.508
8.8374 12.508
8.8388 12.509
8.8402 12.509
8.8417 12.509
8.8431 12.509
8.8445 12.51
8.8459 12.51
8.8473 12.511
8.8487 12.511
8.8501 12.511
8.8516 12.512
8.853 12.512
8.8544 12.513
8.8558 12.513
8.8572 12.514
8.8586 12.514
8.86 12.514
8.8615 12.515
8.8629 12.515
8.8643 12.516
8.8657 12.516
8.8671 12.517
8.8685 12.517
8.8699 12.518
8.8714 12.518
8.8728 12.518
8.8742 12.519
8.8756 12.519
8.877 12.519
8.8784 12.519
8.8798 12.519
8.8813 12.519
8.8827 12.519
8.8841 12.519
8.8855 12.519
8.8869 12.519
8.8883 12.519
8.8897 12.519
8.8912 12.519
8.8926 12.519
8.894 12.519
8.8954 12.519
8.8968 12.518
8.8982 12.518
8.8996 12.518
8.9011 12.517
8.9025 12.517
8.9039 12.516
8.9053 12.516
8.9067 12.515
8.9081 12.515
8.9095 12.514
8.911 12.514
8.9124 12.513
8.9138 12.512
8.9152 12.511
8.9166 12.51
8.918 12.509
8.9194 12.508
8.9209 12.507
8.9223 12.506
8.9237 12.504
8.9251 12.503
8.9265 12.501
8.9279 12.5
8.9293 12.498
8.9308 12.497
8.9322 12.495
8.9336 12.494
8.935 12.492
8.9364 12.491
8.9378 12.489
8.9392 12.488
8.9407 12.486
8.9421 12.485
8.9435 12.483
8.9449 12.482
8.9463 12.48
8.9477 12.478
8.9491 12.477
8.9506 12.475
8.952 12.474
8.9534 12.473
8.9548 12.471
8.9562 12.47
8.9576 12.469
8.959 12.468
8.9605 12.467
8.9619 12.466
8.9633 12.465
8.9647 12.464
8.9661 12.463
8.9675 12.462
8.9689 12.46
8.9704 12.459
8.9718 12.458
8.9732 12.457
8.9746 12.456
8.976 12.455
8.9774 12.454
8.9788 12.453
8.9803 12.452
8.9817 12.45
8.9831 12.449
8.9845 12.448
8.9859 12.447
8.9873 12.446
8.9887 12.444
8.9902 12.443
8.9916 12.442
8.993 12.44
8.9944 12.439
8.9958 12.437
8.9972 12.436
8.9986 12.434
