0 10
0.0014142 10
0.0028284 10
0.0042426 10
0.0056569 10
0.0070711 10
0.0084853 10
0.0098995 10
0.011314 10
0.012728 10
0.014142 10
0.015556 10
0.016971 10
0.018385 10
0.019799 10
0.021213 10
0.022627 10
0.024042 10
0.025456 10
0.02687 10
0.028284 10
0.029698 10
0.031113 10
0.032527 10
0.033941 10
0.035355 10
0.03677 10
0.038184 10
0.039598 10
0.041012 10
0.042426 10
0.043841 10
0.045255 10
0.046669 10
0.048083 10
0.049497 10
0.050912 10
0.052326 10
0.05374 10
0.055154 10
0.056569 10
0.057983 10
0.059397 10
0.060811 10
0.062225 10
0.06364 10
0.065054 10
0.066468 10
0.067882 10
0.069296 10
0.070711 10
0.072125 10
0.073539 10
0.074953 10
0.076368 10
0.077782 10
0.079196 10
0.08061 10
0.082024 10
0.083439 10
0.084853 10
0.086267 10
0.087681 10
0.089095 10
0.09051 10
0.091924 10
0.093338 10
0.094752 10
0.096167 10
0.097581 10
0.098995 10
0.10041 10
0.10182 10
0.10324 10
0.10465 10
0.10607 10
0.10748 10
0.10889 10
0.11031 10
0.11172 10
0.11314 10
0.11455 10
0.11597 10
0.11738 10
0.11879 10
0.12021 10
0.12162 10
0.12304 10
0.12445 10
0.12587 10
0.12728 10
0.12869 10
0.13011 10
0.13152 10
0.13294 10
0.13435 10
0.13576 10
0.13718 10
0.13859 10
0.14001 10
0.14142 10
0.14284 10
0.14425 10
0.14566 10
0.14708 10
0.14849 10
0.14991 10
0.15132 10
0.15274 10
0.15415 10
0.15556 10
0.15698 10
0.15839 10
0.15981 10
0.16122 10
0.16263 10
0.16405 10
0.16546 10
0.16688 10
0.16829 10
0.16971 10
0.17112 10
0.17253 10
0.17395 10
0.17536 10
0.17678 10
0.17819 10
0.17961 10
0.18102 10
0.18243 10
0.18385 10
0.18526 10
0.18668 10
0.18809 10
0.1895 10
0.19092 10
0.19233 10
0.19375 10
0.19516 10
0.19658 10
0.19799 10
0.1994 10
0.20082 10
0.20223 10
0.20365 10
0.20506 10
0.20648 10
0.20789 10
0.2093 10
0.21072 10
0.21213 10
0.21355 10
0.21496 10
0.21637 10
0.21779 10
0.2192 10
0.22062 10
0.22203 10
0.22345 10
0.22486 10
0.22627 10
0.22769 10
0.2291 10
0.23052 10
0.23193 10
0.23335 10
0.23476 10
0.23617 10
0.23759 10
0.239 10
0.24042 10
0.24183 10
0.24324 10
0.24466 10
0.24607 10
0.24749 10
0.2489 10
0.25032 10
0.25173 10
0.25314 10
0.25456 10
0.25597 10
0.25739 10
0.2588 10
0.26022 10
0.26163 10
0.26304 10
0.26446 10
0.26587 10
0.26729 10
0.2687 10
0.27011 10
0.27153 10
0.27294 10
0.27436 10
0.27577 10
0.27719 10
0.2786 10
0.28001 10
0.28143 10
0.28284 10
0.28426 10
0.28567 10
0.28709 10
0.2885 10
0.28991 10
0.29133 10
0.29274 10
0.29416 10
0.29557 10
0.29698 10
0.2984 10
0.29981 10
0.30123 10
0.30264 10
0.30406 10
0.30547 10
0.30688 10
0.3083 10
0.30971 10
0.31113 10
0.31254 10
0.31396 10
0.31537 10
0.31678 10
0.3182 10
0.31961 10
0.32103 10
0.32244 10
0.32385 10
0.32527 10
0.32668 10
0.3281 10
0.32951 10
0.33093 10
0.33234 10
0.33375 10
0.33517 10
0.33658 10
0.338 10
0.33941 10
0.34083 10
0.34224 10
0.34365 10
0.34507 10
0.34648 10
0.3479 10
0.34931 10
0.35072 10
0.35214 10
0.35355 10
0.35497 10
0.35638 10
0.3578 10
0.35921 10
0.36062 10
0.36204 10
0.36345 10
0.36487 10
0.36628 10
0.3677 10
0.36911 10
0.37052 10
0.37194 10
0.37335 10
0.37477 10
0.37618 10
0.3776 10
0.37901 10
0.38042 10
0.38184 10
0.38325 10
0.38467 10
0.38608 10
0.38749 10
0.38891 10
0.39032 10
0.39174 10
0.39315 10
0.39457 10
0.39598 10
0.39739 10
0.39881 10
0.40022 10
0.40164 10
0.40305 10
0.40447 10
0.40588 10
0.40729 10
0.40871 10
0.41012 10
0.41154 10
0.41295 10
0.41436 10
0.41578 10
0.41719 10
0.41861 10
0.42002 10
0.42144 10
0.42285 10
0.42426 10
0.42568 10
0.42709 10
0.42851 10
0.42992 10
0.43134 10
0.43275 10
0.43416 10
0.43558 10
0.43699 10
0.43841 10
0.43982 10
0.44123 10
0.44265 10
0.44406 10
0.44548 10
0.44689 10
0.44831 10
0.44972 10
0.45113 10
0.45255 10
0.45396 10
0.45538 10
0.45679 10
0.45821 10
0.45962 10
0.46103 10
0.46245 10
0.46386 10
0.46528 10
0.46669 10
0.4681 10
0.46952 10
0.47093 10
0.47235 10
0.47376 10
0.47518 10
0.47659 10
0.478 10
0.47942 10
0.48083 10
0.48225 10
0.48366 10
0.48508 10
0.48649 10
0.4879 10
0.48932 10
0.49073 10
0.49215 10
0.49356 10
0.49497 10
0.49639 10
0.4978 10
0.49922 10
0.50063 10
0.50205 10
0.50346 10
0.50487 10
0.50629 10
0.5077 10
0.50912 10
0.51053 10
0.51195 10
0.51336 10
0.51477 10
0.51619 10
0.5176 10
0.51902 10
0.52043 10
0.52184 10
0.52326 10
0.52467 10
0.52609 10
0.5275 10
0.52892 10
0.53033 10
0.53174 10
0.53316 10
0.53457 10
0.53599 10
0.5374 10
0.53882 10
0.54023 10
0.54164 10
0.54306 10
0.54447 10
0.54589 10
0.5473 10
0.54871 10
0.55013 10
0.55154 10
0.55296 10
0.55437 10
0.55579 10
0.5572 10
0.55861 10
0.56003 10
0.56144 10
0.56286 10
0.56427 10
0.56569 10
0.5671 10
0.56851 10
0.56993 10
0.57134 10
0.57276 10
0.57417 10
0.57558 10
0.577 10
0.57841 10
0.57983 10
0.58124 10
0.58266 10
0.58407 10
0.58548 10
0.5869 10
0.58831 10
0.58973 10
0.59114 10
0.59256 10
0.59397 10
0.59538 10
0.5968 10
0.59821 10
0.59963 10
0.60104 10
0.60245 10
0.60387 10
0.60528 10
0.6067 10
0.60811 10
0.60953 10
0.61094 10
0.61235 10
0.61377 10
0.61518 10
0.6166 10
0.61801 10
0.61943 10
0.62084 10
0.62225 10
0.62367 10
0.62508 10
0.6265 10
0.62791 10
0.62933 10
0.63074 10
0.63215 10
0.63357 10
0.63498 10
0.6364 10
0.63781 10
0.63922 10
0.64064 10
0.64205 10
0.64347 10
0.64488 10
0.6463 10
0.64771 10
0.64912 10
0.65054 10
0.65195 10
0.65337 10
0.65478 10
0.6562 10
0.65761 10
0.65902 10
0.66044 10
0.66185 10
0.66327 10
0.66468 10
0.66609 10
0.66751 10
0.66892 10
0.67034 10
0.67175 10
0.67317 10
0.67458 10
0.67599 10
0.67741 10
0.67882 10
0.68024 10
0.68165 10
0.68307 10
0.68448 10
0.68589 10
0.68731 10
0.68872 10
0.69014 10
0.69155 10
0.69296 10
0.69438 10
0.69579 10
0.69721 10
0.69862 10
0.70004 10
0.70145 10
0.70286 10
0.70428 10
0.70569 10
0.70711 10
0.70852 10
0.70994 10
0.71135 10
0.71276 10
0.71418 10
0.71559 10
0.71701 10
0.71842 10
0.71983 10
0.72125 10
0.72266 10
0.72408 10
0.72549 10
0.72691 10
0.72832 10
0.72973 10
0.73115 10
0.73256 10
0.73398 10
0.73539 10
0.73681 10
0.73822 10
0.73963 10
0.74105 10
0.74246 10
0.74388 10
0.74529 10
0.7467 10
0.74812 10
0.74953 10
0.75095 10
0.75236 10
0.75378 10
0.75519 10
0.7566 10
0.75802 10
0.75943 10
0.76085 10
0.76226 10
0.76368 10
0.76509 10
0.7665 10
0.76792 10
0.76933 10
0.77075 10
0.77216 10
0.77357 10
0.77499 10
0.7764 10
0.77782 10
0.77923 10
0.78065 10
0.78206 10
0.78347 10
0.78489 10
0.7863 10
0.78772 10
0.78913 10
0.79055 10
0.79196 10
0.79337 10
0.79479 10
0.7962 10
0.79762 10
0.79903 10
0.80044 10
0.80186 10
0.80327 10
0.80469 10
0.8061 10
0.80752 10
0.80893 10
0.81034 10
0.81176 10
0.81317 10
0.81459 10
0.816 10
0.81742 10
0.81883 10
0.82024 10
0.82166 10
0.82307 10
0.82449 10
0.8259 10
0.82731 10
0.82873 10
0.83014 10
0.83156 10
0.83297 10
0.83439 10
0.8358 10
0.83721 10
0.83863 10
0.84004 10
0.84146 10
0.84287 10
0.84429 10
0.8457 10
0.84711 10
0.84853 10
0.84994 10
0.85136 10
0.85277 10
0.85418 10
0.8556 10
0.85701 10
0.85843 10
0.85984 10
0.86126 10
0.86267 10
0.86408 10
0.8655 10
0.86691 10
0.86833 10
0.86974 10
0.87116 10
0.87257 10
0.87398 10
0.8754 10
0.87681 10
0.87823 10
0.87964 10
0.88106 10
0.88247 10
0.88388 10
0.8853 10
0.88671 10
0.88813 10
0.88954 10
0.89095 10
0.89237 10
0.89378 10
0.8952 10
0.89661 10
0.89803 10
0.89944 10
0.90085 10
0.90227 10
0.90368 10
0.9051 10
0.90651 10
0.90793 10
0.90934 10
0.91075 10
0.91217 10
0.91358 10
0.915 10
0.91641 10
0.91782 10
0.91924 10
0.92065 10
0.92207 10
0.92348 10
0.9249 10
0.92631 10
0.92772 10
0.92914 10
0.93055 10
0.93197 10
0.93338 10
0.9348 10
0.93621 10
0.93762 10
0.93904 10
0.94045 10
0.94187 10
0.94328 10
0.94469 10
0.94611 10
0.94752 10
0.94894 10
0.95035 10
0.95177 10
0.95318 10
0.95459 10
0.95601 10
0.95742 10
0.95884 10
0.96025 10
0.96167 10
0.96308 10
0.96449 10
0.96591 10
0.96732 10
0.96874 10
0.97015 10
0.97156 10
0.97298 10
0.97439 10
0.97581 10
0.97722 10
0.97864 10
0.98005 10
0.98146 10
0.98288 10
0.98429 10
0.98571 10
0.98712 10
0.98854 10
0.98995 10
0.99136 10
0.99278 10
0.99419 10
0.99561 10
0.99702 10
0.99843 10
0.99985 10
1.0013 10
1.0027 10
1.0041 10
1.0055 10
1.0069 10
1.0083 10
1.0097 10
1.0112 10
1.0126 10
1.014 10
1.0154 10
1.0168 10
1.0182 10
1.0196 10
1.0211 10
1.0225 10
1.0239 10
1.0253 10
1.0267 10
1.0281 10
1.0295 10
1.031 10
1.0324 10
1.0338 10
1.0352 10
1.0366 10
1.038 10
1.0394 10
1.0409 10
1.0423 10
1.0437 10
1.0451 10
1.0465 10
1.0479 10
1.0493 10
1.0508 10
1.0522 10
1.0536 10
1.055 10
1.0564 10
1.0578 10
1.0592 10
1.0607 10
1.0621 10
1.0635 10
1.0649 10
1.0663 10
1.0677 10
1.0691 10
1.0706 10
1.072 10
1.0734 10
1.0748 10
1.0762 10
1.0776 10
1.079 10
1.0805 10
1.0819 10
1.0833 10
1.0847 10
1.0861 10
1.0875 10
1.0889 10
1.0904 10
1.0918 10
1.0932 10
1.0946 10
1.096 10
1.0974 10
1.0988 10
1.1003 10
1.1017 10
1.1031 10
1.1045 10
1.1059 10
1.1073 10
1.1087 10
1.1102 10
1.1116 10
1.113 10
1.1144 10
1.1158 10
1.1172 10
1.1186 10
1.1201 10
1.1215 10
1.1229 10
1.1243 10
1.1257 10
1.1271 10
1.1285 10
1.13 10
1.1314 10
1.1328 10
1.1342 10
1.1356 10
1.137 10
1.1384 10
1.1399 10
1.1413 10
1.1427 10
1.1441 10
1.1455 10
1.1469 10
1.1483 10
1.1498 10
1.1512 10
1.1526 10
1.154 10
1.1554 10
1.1568 10
1.1582 10
1.1597 10
1.1611 10
1.1625 10
1.1639 10
1.1653 10
1.1667 10
1.1681 10
1.1696 10
1.171 10
1.1724 10
1.1738 10
1.1752 10
1.1766 10
1.178 10
1.1795 10
1.1809 10
1.1823 10
1.1837 10
1.1851 10
1.1865 10
1.1879 10
1.1894 10
1.1908 10
1.1922 10
1.1936 10
1.195 10
1.1964 10
1.1978 10
1.1993 10
1.2007 10
1.2021 10
1.2035 10
1.2049 10
1.2063 10
1.2077 10
1.2092 10
1.2106 10
1.212 10
1.2134 10
1.2148 10
1.2162 10
1.2176 10
1.2191 10
1.2205 10
1.2219 10
1.2233 10
1.2247 10
1.2261 10
1.2275 10
1.229 10
1.2304 10
1.2318 10
1.2332 10
1.2346 10
1.236 10
1.2374 10
1.2389 10
1.2403 10
1.2417 10
1.2431 10
1.2445 10
1.2459 10
1.2473 10
1.2488 10
1.2502 10
1.2516 10
1.253 10
1.2544 10
1.2558 10
1.2572 10
1.2587 10
1.2601 10
1.2615 10
1.2629 10
1.2643 10
1.2657 10
1.2671 10
1.2685 10
1.27 10
1.2714 10
1.2728 10
1.2742 10
1.2756 10
1.277 10
1.2784 10
1.2799 10
1.2813 10
1.2827 10
1.2841 10
1.2855 10
1.2869 10
1.2883 10
1.2898 10
1.2912 10
1.2926 10
1.294 10
1.2954 10
1.2968 10
1.2982 10
1.2997 10
1.3011 10
1.3025 10
1.3039 10
1.3053 10
1.3067 10
1.3081 10
1.3096 10
1.311 10
1.3124 10
1.3138 10
1.3152 10
1.3166 10
1.318 10
1.3195 10
1.3209 10
1.3223 10
1.3237 10
1.3251 10
1.3265 10
1.3279 10
1.3294 10
1.3308 10
1.3322 10
1.3336 10
1.335 10
1.3364 10
1.3378 10
1.3393 10
1.3407 10
1.3421 10
1.3435 10
1.3449 10
1.3463 10
1.3477 10
1.3492 10
1.3506 10
1.352 10
1.3534 10
1.3548 10
1.3562 10
1.3576 10
1.3591 10
1.3605 10
1.3619 10
1.3633 10
1.3647 10
1.3661 10
1.3675 10
1.369 10
1.3704 10
1.3718 10
1.3732 10
1.3746 10
1.376 10
1.3774 10
1.3789 10
1.3803 10
1.3817 10
1.3831 10
1.3845 10
1.3859 10
1.3873 10
1.3888 10
1.3902 10
1.3916 10
1.393 10
1.3944 10
1.3958 10
1.3972 10
1.3987 10
1.4001 10
1.4015 10
1.4029 10
1.4043 10
1.4057 10
1.4071 10
1.4086 10
1.41 10
1.4114 10
1.4128 10
1.4142 10
1.4156 10
1.417 10
1.4185 10
1.4199 10
1.4213 10
1.4227 10
1.4241 10
1.4255 10
1.4269 10
1.4284 10
1.4298 10
1.4312 10
1.4326 10
1.434 10
1.4354 10
1.4368 10
1.4383 10
1.4397 10
1.4411 10
1.4425 10
1.4439 10
1.4453 10
1.4467 10
1.4482 10
1.4496 10
1.451 10
1.4524 10
1.4538 10
1.4552 10
1.4566 10
1.4581 10
1.4595 10
1.4609 10
1.4623 10
1.4637 10
1.4651 10
1.4665 10
1.468 10
1.4694 10
1.4708 10
1.4722 10
1.4736 10
1.475 10
1.4764 10
1.4779 10
1.4793 10
1.4807 10
1.4821 10
1.4835 10
1.4849 10
1.4863 10
1.4878 10
1.4892 10
1.4906 10
1.492 10
1.4934 10
1.4948 10
1.4962 10
1.4977 10
1.4991 10
1.5005 10
1.5019 10
1.5033 10
1.5047 10
1.5061 10
1.5076 10
1.509 10
1.5104 10
1.5118 10
1.5132 10
1.5146 10
1.516 10
1.5175 10
1.5189 10
1.5203 10
1.5217 10
1.5231 10
1.5245 10
1.5259 10
1.5274 10
1.5288 10
1.5302 10
1.5316 10
1.533 10
1.5344 10
1.5358 10
1.5373 10
1.5387 10
1.5401 10
1.5415 10
1.5429 10
1.5443 10
1.5457 10
1.5471 10
1.5486 10
1.55 10
1.5514 10
1.5528 10
1.5542 10
1.5556 10
1.557 10
1.5585 10
1.5599 10
1.5613 10
1.5627 10
1.5641 10
1.5655 10
1.5669 10
1.5684 10
1.5698 10
1.5712 10
1.5726 10
1.574 10
1.5754 10
1.5768 10
1.5783 10
1.5797 10
1.5811 10
1.5825 10
1.5839 10
1.5853 10
1.5867 10
1.5882 10
1.5896 10
1.591 10
1.5924 10
1.5938 10
1.5952 10
1.5966 10
1.5981 10
1.5995 10
1.6009 10
1.6023 10
1.6037 10
1.6051 10
1.6065 10
1.608 10
1.6094 10
1.6108 10
1.6122 10
1.6136 10
1.615 10
1.6164 10
1.6179 10
1.6193 10
1.6207 10
1.6221 10
1.6235 10
1.6249 10
1.6263 10
1.6278 10
1.6292 10
1.6306 10
1.632 10
1.6334 10
1.6348 10
1.6362 10
1.6377 10
1.6391 10
1.6405 10
1.6419 10
1.6433 10
1.6447 10
1.6461 10
1.6476 10
1.649 10
1.6504 10
1.6518 10
1.6532 10
1.6546 10
1.656 10
1.6575 10
1.6589 10
1.6603 10
1.6617 10
1.6631 10
1.6645 10
1.6659 10
1.6674 10
1.6688 10
1.6702 10
1.6716 10
1.673 10
1.6744 10
1.6758 10
1.6773 10
1.6787 10
1.6801 10
1.6815 10
1.6829 10
1.6843 10
1.6857 10
1.6872 10
1.6886 10
1.69 10
1.6914 10
1.6928 10
1.6942 10
1.6956 10
1.6971 10
1.6985 10
1.6999 10
1.7013 10
1.7027 10
1.7041 10
1.7055 10
1.707 10
1.7084 10
1.7098 10
1.7112 10
1.7126 10
1.714 10
1.7154 10
1.7169 10
1.7183 10
1.7197 10
1.7211 10
1.7225 10
1.7239 10
1.7253 10
1.7268 10
1.7282 10
1.7296 10
1.731 10
1.7324 10
1.7338 10
1.7352 10
1.7367 10
1.7381 10
1.7395 10
1.7409 10
1.7423 10
1.7437 10
1.7451 10
1.7466 10
1.748 10
1.7494 10
1.7508 10
1.7522 10
1.7536 10
1.755 10
1.7565 10
1.7579 10
1.7593 10
1.7607 10
1.7621 10
1.7635 10
1.7649 10
1.7664 10
1.7678 10
1.7692 10
1.7706 10
1.772 10
1.7734 10
1.7748 10
1.7763 10
1.7777 10
1.7791 10
1.7805 10
1.7819 10
1.7833 10
1.7847 10
1.7862 10
1.7876 10
1.789 10
1.7904 10
1.7918 10
1.7932 10
1.7946 10
1.7961 10
1.7975 10
1.7989 10
1.8003 10
1.8017 10
1.8031 10
1.8045 10
1.806 10
1.8074 10
1.8088 10
1.8102 10
1.8116 10
1.813 10
1.8144 10
1.8159 10
1.8173 10
1.8187 10
1.8201 10
1.8215 10
1.8229 10
1.8243 10
1.8257 10
1.8272 10
1.8286 10
1.83 10
1.8314 10
1.8328 10
1.8342 10
1.8356 10
1.8371 10
1.8385 10
1.8399 10
1.8413 10
1.8427 10
1.8441 10
1.8455 10
1.847 10
1.8484 10
1.8498 10
1.8512 10
1.8526 10
1.854 10
1.8554 10
1.8569 10
1.8583 10
1.8597 10
1.8611 10
1.8625 10
1.8639 10
1.8653 10
1.8668 10
1.8682 10
1.8696 10
1.871 10
1.8724 10
1.8738 10
1.8752 10
1.8767 10
1.8781 10
1.8795 10
1.8809 10
1.8823 10
1.8837 10
1.8851 10
1.8866 10
1.888 10
1.8894 10
1.8908 10
1.8922 10
1.8936 10
1.895 10
1.8965 10
1.8979 10
1.8993 10
1.9007 10
1.9021 10
1.9035 10
1.9049 10
1.9064 10
1.9078 10
1.9092 10
1.9106 10
1.912 10
1.9134 10
1.9148 10
1.9163 10
1.9177 10
1.9191 10
1.9205 10
1.9219 10
1.9233 10
1.9247 10
1.9262 10
1.9276 10
1.929 10
1.9304 10
1.9318 10
1.9332 10
1.9346 10
1.9361 10
1.9375 10
1.9389 10
1.9403 10
1.9417 10
1.9431 10
1.9445 10
1.946 10
1.9474 10
1.9488 10
1.9502 10
1.9516 10
1.953 10
1.9544 10
1.9559 10
1.9573 10
1.9587 10
1.9601 10
1.9615 10
1.9629 10
1.9643 10
1.9658 10
1.9672 10
1.9686 10
1.97 10
1.9714 10
1.9728 10
1.9742 10
1.9757 10
1.9771 10
1.9785 10
1.9799 10
1.9813 10
1.9827 10
1.9841 10
1.9856 10
1.987 10
1.9884 10
1.9898 10
1.9912 10
1.9926 10
1.994 10
1.9955 10
1.9969 10
1.9983 10
1.9997 10
2.0011 10
2.0025 10
2.0039 10
2.0054 10
2.0068 10
2.0082 10
2.0096 10
2.011 10
2.0124 10
2.0138 10
2.0153 10
2.0167 10
2.0181 10
2.0195 10
2.0209 10
2.0223 10
2.0237 10
2.0252 10
2.0266 10
2.028 10
2.0294 10
2.0308 10
2.0322 10
2.0336 10
2.0351 10
2.0365 10
2.0379 10
2.0393 10
2.0407 10
2.0421 10
2.0435 10
2.045 10
2.0464 10
2.0478 10
2.0492 10
2.0506 10
2.052 10
2.0534 10
2.0549 10
2.0563 10
2.0577 10
2.0591 10
2.0605 10
2.0619 10
2.0633 10
2.0648 10
2.0662 10
2.0676 10
2.069 10
2.0704 10
2.0718 10
2.0732 10
2.0747 10
2.0761 10
2.0775 10
2.0789 10
2.0803 10
2.0817 10
2.0831 10
2.0846 10
2.086 10
2.0874 10
2.0888 10
2.0902 10
2.0916 10
2.093 10
2.0945 10
2.0959 10
2.0973 10
2.0987 10
2.1001 10
2.1015 10
2.1029 10
2.1043 10
2.1058 10
2.1072 10
2.1086 10
2.11 10
2.1114 10
2.1128 10
2.1142 10
2.1157 10
2.1171 10
2.1185 10
2.1199 10
2.1213 10
2.1227 10
2.1241 10
2.1256 10
2.127 10
2.1284 10
2.1298 10
2.1312 10
2.1326 10
2.134 10
2.1355 10
2.1369 10
2.1383 10
2.1397 10
2.1411 10
2.1425 10
2.1439 10
2.1454 10
2.1468 10
2.1482 10
2.1496 10
2.151 10
2.1524 10
2.1538 10
2.1553 10
2.1567 10
2.1581 10
2.1595 10
2.1609 10
2.1623 10
2.1637 10
2.1652 10
2.1666 10
2.168 10
2.1694 10
2.1708 10
2.1722 10
2.1736 10
2.1751 10
2.1765 10
2.1779 10
2.1793 10
2.1807 10
2.1821 10
2.1835 10
2.185 10
2.1864 10
2.1878 10
2.1892 10
2.1906 10
2.192 10
2.1934 10
2.1949 10
2.1963 10
2.1977 10
2.1991 10
2.2005 10
2.2019 10
2.2033 10
2.2048 10
2.2062 10
2.2076 10
2.209 10
2.2104 10
2.2118 10
2.2132 10
2.2147 10
2.2161 10
2.2175 10
2.2189 10
2.2203 10
2.2217 10
2.2231 10
2.2246 10
2.226 10
2.2274 10
2.2288 10
2.2302 10
2.2316 10
2.233 10
2.2345 10
2.2359 10
2.2373 10
2.2387 10
2.2401 10
2.2415 10
2.2429 10
2.2444 10
2.2458 10
2.2472 10
2.2486 10
2.25 10
2.2514 10
2.2528 10
2.2543 10
2.2557 10
2.2571 10
2.2585 10
2.2599 10
2.2613 10
2.2627 10
2.2642 10
2.2656 10
2.267 10
2.2684 10
2.2698 10
2.2712 10
2.2726 10
2.2741 10
2.2755 10
2.2769 10
2.2783 10
2.2797 10
2.2811 10
2.2825 10
2.284 10
2.2854 10
2.2868 10
2.2882 10
2.2896 10
2.291 10
2.2924 10
2.2939 10
2.2953 10
2.2967 10
2.2981 10
2.2995 10
2.3009 10
2.3023 10
2.3038 10
2.3052 10
2.3066 10
2.308 10
2.3094 10
2.3108 10
2.3122 10
2.3137 10
2.3151 10
2.3165 10
2.3179 10
2.3193 10
2.3207 10
2.3221 10
2.3236 10
2.325 10
2.3264 10
2.3278 10
2.3292 10
2.3306 10
2.332 10
2.3335 10
2.3349 10
2.3363 10
2.3377 10
2.3391 10
2.3405 10
2.3419 10
2.3434 10
2.3448 10
2.3462 10
2.3476 10
2.349 10
2.3504 10
2.3518 10
2.3533 10
2.3547 10
2.3561 10
2.3575 10
2.3589 10
2.3603 10
2.3617 10
2.3632 10
2.3646 10
2.366 10
2.3674 10
2.3688 10
2.3702 10
2.3716 10
2.3731 10
2.3745 10
2.3759 10
2.3773 10
2.3787 10
2.3801 10
2.3815 10
2.3829 10
2.3844 10
2.3858 10
2.3872 10
2.3886 10
2.39 10
2.3914 10
2.3928 10
2.3943 10
2.3957 10
2.3971 10
2.3985 10
2.3999 10
2.4013 10
2.4027 10
2.4042 10
2.4056 10
2.407 10
2.4084 10
2.4098 10
2.4112 10
2.4126 10
2.4141 10
2.4155 10
2.4169 10
2.4183 10
2.4197 10
2.4211 10
2.4225 10
2.424 10
2.4254 10
2.4268 10
2.4282 10
2.4296 10
2.431 10
2.4324 10
2.4339 10
2.4353 10
2.4367 10
2.4381 10
2.4395 10
2.4409 10
2.4423 10
2.4438 10
2.4452 10
2.4466 10
2.448 10
2.4494 10
2.4508 10
2.4522 10
2.4537 10
2.4551 10
2.4565 10
2.4579 10
2.4593 10
2.4607 10
2.4621 10
2.4636 10
2.465 10
2.4664 10
2.4678 10
2.4692 10
2.4706 10
2.472 10
2.4735 10
2.4749 10
2.4763 10
2.4777 10
2.4791 10
2.4805 10
2.4819 10
2.4834 10
2.4848 10
2.4862 10
2.4876 10
2.489 10
2.4904 10
2.4918 10
2.4933 10
2.4947 10
2.4961 10
2.4975 10
2.4989 10
2.5003 10
2.5017 10
2.5032 10
2.5046 10
2.506 10
2.5074 10
2.5088 10
2.5102 10
2.5116 10
2.5131 10
2.5145 10
2.5159 10
2.5173 10
2.5187 10
2.5201 10
2.5215 10
2.523 10
2.5244 10
2.5258 10
2.5272 10
2.5286 10
2.53 10
2.5314 10
2.5329 10
2.5343 10
2.5357 10
2.5371 10
2.5385 10
2.5399 10
2.5413 10
2.5428 10
2.5442 10
2.5456 10
2.547 10
2.5484 10
2.5498 10
2.5512 10
2.5527 10
2.5541 10
2.5555 10
2.5569 10
2.5583 10
2.5597 10
2.5611 10
2.5626 10
2.564 10
2.5654 10
2.5668 10
2.5682 10
2.5696 10
2.571 10
2.5725 10
2.5739 10
2.5753 10
2.5767 10
2.5781 10
2.5795 10
2.5809 10
2.5824 10
2.5838 10
2.5852 10
2.5866 10
2.588 10
2.5894 10
2.5908 10
2.5923 10
2.5937 10
2.5951 10
2.5965 10
2.5979 10
2.5993 10
2.6007 10
2.6022 10
2.6036 10
2.605 10
2.6064 10
2.6078 10
2.6092 10
2.6106 10
2.6121 10
2.6135 10
2.6149 10
2.6163 10
2.6177 10
2.6191 10
2.6205 10
2.622 10
2.6234 10
2.6248 10
2.6262 10
2.6276 10
2.629 10
2.6304 10
2.6319 10
2.6333 10
2.6347 10
2.6361 10
2.6375 10
2.6389 10
2.6403 10
2.6418 10
2.6432 10
2.6446 10
2.646 10
2.6474 10
2.6488 10
2.6502 10
2.6517 10
2.6531 10
2.6545 10
2.6559 10
2.6573 10
2.6587 10
2.6601 10
2.6615 10
2.663 10
2.6644 10
2.6658 10
2.6672 10
2.6686 10
2.67 10
2.6714 10
2.6729 10
2.6743 10
2.6757 10
2.6771 10
2.6785 10
2.6799 10
2.6813 10
2.6828 10
2.6842 10
2.6856 10
2.687 10
2.6884 10
2.6898 10
2.6912 10
2.6927 10
2.6941 10
2.6955 10
2.6969 10
2.6983 10
2.6997 10
2.7011 10
2.7026 10
2.704 10
2.7054 10
2.7068 10
2.7082 10
2.7096 10
2.711 10
2.7125 10
2.7139 10
2.7153 10
2.7167 10
2.7181 10
2.7195 10
2.7209 10
2.7224 10
2.7238 10
2.7252 10
2.7266 10
2.728 10
2.7294 10
2.7308 10
2.7323 10
2.7337 10
2.7351 10
2.7365 10
2.7379 10
2.7393 10
2.7407 10
2.7422 10
2.7436 10
2.745 10
2.7464 10
2.7478 10
2.7492 10
2.7506 10
2.7521 10
2.7535 10
2.7549 10
2.7563 10
2.7577 10
2.7591 10
2.7605 10
2.762 10
2.7634 10
2.7648 10
2.7662 10
2.7676 10
2.769 10
2.7704 10
2.7719 10
2.7733 10
2.7747 10
2.7761 10
2.7775 10
2.7789 10
2.7803 10
2.7818 10
2.7832 10
2.7846 10
2.786 10
2.7874 10
2.7888 10
2.7902 10
2.7917 10
2.7931 10
2.7945 10
2.7959 10
2.7973 10
2.7987 10
2.8001 10
2.8016 10
2.803 10
2.8044 10
2.8058 10
2.8072 10
2.8086 10
2.81 10
2.8115 10
2.8129 10
2.8143 10
2.8157 10
2.8171 10
2.8185 10
2.8199 10
2.8214 10
2.8228 10
2.8242 10
2.8256 10
2.827 10
2.8284 10
2.8298 10
2.8313 10
2.8327 10
2.8341 10
2.8355 10
2.8369 10
2.8383 10
2.8397 10
2.8412 10
2.8426 10
2.844 10
2.8454 10
2.8468 10
2.8482 10
2.8496 10
2.8511 10
2.8525 10
2.8539 10
2.8553 10
2.8567 10
2.8581 10
2.8595 10
2.861 10
2.8624 10
2.8638 10
2.8652 10
2.8666 10
2.868 10
2.8694 10
2.8709 10
2.8723 10
2.8737 10
2.8751 10
2.8765 10
2.8779 10
2.8793 10
2.8808 10
2.8822 10
2.8836 10
2.885 10
2.8864 10
2.8878 10
2.8892 10
2.8907 10
2.8921 10
2.8935 10
2.8949 10
2.8963 10
2.8977 10
2.8991 10
2.9006 10
2.902 10
2.9034 10
2.9048 10
2.9062 10
2.9076 10
2.909 10
2.9105 10
2.9119 10
2.9133 10
2.9147 10
2.9161 10
2.9175 10
2.9189 10
2.9204 10
2.9218 10
2.9232 10
2.9246 10
2.926 10
2.9274 10
2.9288 10
2.9303 10
2.9317 10
2.9331 10
2.9345 10
2.9359 10
2.9373 10
2.9387 10
2.9401 10
2.9416 10
2.943 10
2.9444 10
2.9458 10
2.9472 10
2.9486 10
2.95 10
2.9515 10
2.9529 10
2.9543 10
2.9557 10
2.9571 10
2.9585 10
2.9599 10
2.9614 10
2.9628 10
2.9642 10
2.9656 10
2.967 10
2.9684 10
2.9698 10
2.9713 10
2.9727 10
2.9741 10
2.9755 10
2.9769 10
2.9783 10
2.9797 10
2.9812 10
2.9826 10
2.984 10
2.9854 10
2.9868 10
2.9882 10
2.9896 10
2.9911 10
2.9925 10
2.9939 10
2.9953 10
2.9967 10
2.9981 10
2.9995 10
3.001 10
3.0024 10
3.0038 10
3.0052 10
3.0066 10
3.008 10
3.0094 10
3.0109 10
3.0123 10
3.0137 10
3.0151 10
3.0165 10
3.0179 10
3.0193 10
3.0208 10
3.0222 10
3.0236 10
3.025 10
3.0264 10
3.0278 10
3.0292 10
3.0307 10
3.0321 10
3.0335 10
3.0349 10
3.0363 10
3.0377 10
3.0391 10
3.0406 10
3.042 10
3.0434 10
3.0448 10
3.0462 10
3.0476 10
3.049 10
3.0505 10
3.0519 10
3.0533 10
3.0547 10
3.0561 10
3.0575 10
3.0589 10
3.0604 10
3.0618 10
3.0632 10
3.0646 10
3.066 10
3.0674 10
3.0688 10
3.0703 10
3.0717 10
3.0731 10
3.0745 10
3.0759 10
3.0773 10
3.0787 10
3.0802 10
3.0816 10
3.083 10
3.0844 10
3.0858 10
3.0872 10
3.0886 10
3.0901 10
3.0915 10
3.0929 10
3.0943 10
3.0957 10
3.0971 10
3.0985 10
3.1 10
3.1014 10
3.1028 10
3.1042 10
3.1056 10
3.107 10
3.1084 10
3.1099 10
3.1113 10
3.1127 10
3.1141 10
3.1155 10
3.1169 10
3.1183 10
3.1198 10
3.1212 10
3.1226 10
3.124 10
3.1254 10
3.1268 10
3.1282 10
3.1297 10
3.1311 10
3.1325 10
3.1339 10
3.1353 10
3.1367 10
3.1381 10
3.1396 10
3.141 10
3.1424 10
3.1438 10
3.1452 10
3.1466 10
3.148 10
3.1495 10
3.1509 10
3.1523 10
3.1537 10
3.1551 10
3.1565 10
3.1579 10
3.1594 10
3.1608 10
3.1622 10
3.1636 10
3.165 10
3.1664 10
3.1678 10
3.1693 10
3.1707 10
3.1721 10
3.1735 10
3.1749 10
3.1763 10
3.1777 10
3.1792 10
3.1806 10
3.182 10
3.1834 10
3.1848 10
3.1862 10
3.1876 10
3.1891 10
3.1905 10
3.1919 10
3.1933 10
3.1947 10
3.1961 10
3.1975 10
3.199 10
3.2004 10
3.2018 10
3.2032 10
3.2046 10
3.206 10
3.2074 10
3.2089 10
3.2103 10
3.2117 10
3.2131 10
3.2145 10
3.2159 10
3.2173 10
3.2188 10
3.2202 10
3.2216 10
3.223 10
3.2244 10
3.2258 10
3.2272 10
3.2286 10
3.2301 10
3.2315 10
3.2329 10
3.2343 10
3.2357 10
3.2371 10
3.2385 10
3.24 10
3.2414 10
3.2428 10
3.2442 10
3.2456 10
3.247 10
3.2484 10
3.2499 10
3.2513 10
3.2527 10
3.2541 10
3.2555 10
3.2569 10
3.2583 10
3.2598 10
3.2612 10
3.2626 10
3.264 10
3.2654 10
3.2668 10
3.2682 10
3.2697 10
3.2711 10
3.2725 10
3.2739 10
3.2753 10
3.2767 10
3.2781 10
3.2796 10
3.281 10
3.2824 10
3.2838 10
3.2852 10
3.2866 10
3.288 10
3.2895 10
3.2909 10
3.2923 10
3.2937 10
3.2951 10
3.2965 10
3.2979 10
3.2994 10
3.3008 10
3.3022 10
3.3036 10
3.305 10
3.3064 10
3.3078 10
3.3093 10
3.3107 10
3.3121 10
3.3135 10
3.3149 10
3.3163 10
3.3177 10
3.3192 10
3.3206 10
3.322 10
3.3234 10
3.3248 10
3.3262 10
3.3276 10
3.3291 10
3.3305 10
3.3319 10
3.3333 10
3.3347 10
3.3361 10
3.3375 10
3.339 10
3.3404 10
3.3418 10
3.3432 10
3.3446 10
3.346 10
3.3474 10
3.3489 10
3.3503 10
3.3517 10
3.3531 10
3.3545 10
3.3559 10
3.3573 10
3.3588 10
3.3602 10
3.3616 10
3.363 10
3.3644 10
3.3658 10
3.3672 10
3.3687 10
3.3701 10
3.3715 10
3.3729 10
3.3743 10
3.3757 10
3.3771 10
3.3786 10
3.38 10
3.3814 10
3.3828 10
3.3842 10
3.3856 10
3.387 10
3.3885 10
3.3899 10
3.3913 10
3.3927 10
3.3941 10
3.3955 10
3.3969 10
3.3984 10
3.3998 10
3.4012 10
3.4026 10
3.404 10
3.4054 10
3.4068 10
3.4083 10
3.4097 10
3.4111 10
3.4125 10
3.4139 10
3.4153 10
3.4167 10
3.4182 10
3.4196 10
3.421 10
3.4224 10
3.4238 10
3.4252 10
3.4266 10
3.4281 10
3.4295 10
3.4309 10
3.4323 10
3.4337 10
3.4351 10
3.4365 10
3.438 10
3.4394 10
3.4408 10
3.4422 10
3.4436 10
3.445 10
3.4464 10
3.4479 10
3.4493 10
3.4507 10
3.4521 10
3.4535 10
3.4549 10
3.4563 10
3.4578 10
3.4592 10
3.4606 10
3.462 10
3.4634 10
3.4648 10
3.4662 10
3.4677 10
3.4691 10
3.4705 10
3.4719 10
3.4733 10
3.4747 10
3.4761 10
3.4776 10
3.479 10
3.4804 10
3.4818 10
3.4832 10
3.4846 10
3.486 10
3.4875 10
3.4889 10
3.4903 10
3.4917 10
3.4931 10
3.4945 10
3.4959 10
3.4974 10
3.4988 10
3.5002 10
3.5016 10
3.503 10
3.5044 10
3.5058 10
3.5072 10
3.5087 10
3.5101 10
3.5115 10
3.5129 10
3.5143 10
3.5157 10
3.5171 10
3.5186 10
3.52 10
3.5214 10
3.5228 10
3.5242 10
3.5256 10
3.527 10
3.5285 10
3.5299 10
3.5313 10
3.5327 10
3.5341 10
3.5355 10
3.5369 10
3.5384 10
3.5398 10
3.5412 10
3.5426 10
3.544 10
3.5454 10
3.5468 10
3.5483 10
3.5497 10
3.5511 10
3.5525 10
3.5539 10
3.5553 10
3.5567 10
3.5582 10
3.5596 10
3.561 10
3.5624 10
3.5638 10
3.5652 10
3.5666 10
3.5681 10
3.5695 10
3.5709 10
3.5723 10
3.5737 10
3.5751 10
3.5765 10
3.578 10
3.5794 10
3.5808 10
3.5822 10
3.5836 10
3.585 10
3.5864 10
3.5879 10
3.5893 10
3.5907 10
3.5921 10
3.5935 10
3.5949 10
3.5963 10
3.5978 10
3.5992 10
3.6006 10
3.602 10
3.6034 10
3.6048 10
3.6062 10
3.6077 10
3.6091 10
3.6105 10
3.6119 10
3.6133 10
3.6147 10
3.6161 10
3.6176 10
3.619 10
3.6204 10
3.6218 10
3.6232 10
3.6246 10
3.626 10
3.6275 10
3.6289 10
3.6303 10
3.6317 10
3.6331 10
3.6345 10
3.6359 10
3.6374 10
3.6388 10
3.6402 10
3.6416 10
3.643 10
3.6444 10
3.6458 10
3.6473 10
3.6487 10
3.6501 10
3.6515 10
3.6529 10
3.6543 10
3.6557 10
3.6572 10
3.6586 10
3.66 10
3.6614 10
3.6628 10
3.6642 10
3.6656 10
3.6671 10
3.6685 10
3.6699 10
3.6713 10
3.6727 10
3.6741 10
3.6755 10
3.677 10
3.6784 10
3.6798 10
3.6812 10
3.6826 10
3.684 10
3.6854 10
3.6869 10
3.6883 10
3.6897 10
3.6911 10
3.6925 10
3.6939 10
3.6953 10
3.6968 10
3.6982 10
3.6996 10
3.701 10
3.7024 10
3.7038 10
3.7052 10
3.7067 10
3.7081 10
3.7095 10
3.7109 10
3.7123 10
3.7137 10
3.7151 10
3.7166 10
3.718 10
3.7194 10
3.7208 10.001
3.7222 10.001
3.7236 10.001
3.725 10.002
3.7265 10.003
3.7279 10.005
3.7293 10.008
3.7307 10.012
3.7321 10.019
3.7335 10.03
3.7349 10.048
3.7364 10.075
3.7378 10.118
3.7392 10.184
3.7406 10.283
3.742 10.43
3.7434 10.639
3.7448 10.923
3.7463 11.29
3.7477 11.733
3.7491 12.226
3.7505 12.729
3.7519 13.192
3.7533 13.568
3.7547 13.822
3.7562 13.945
3.7576 13.95
3.759 13.866
3.7604 13.728
3.7618 13.571
3.7632 13.421
3.7646 13.298
3.7661 13.208
3.7675 13.154
3.7689 13.134
3.7703 13.139
3.7717 13.164
3.7731 13.2
3.7745 13.241
3.776 13.28
3.7774 13.315
3.7788 13.343
3.7802 13.364
3.7816 13.379
3.783 13.389
3.7844 13.397
3.7858 13.405
3.7873 13.413
3.7887 13.425
3.7901 13.438
3.7915 13.454
3.7929 13.473
3.7943 13.492
3.7957 13.511
3.7972 13.53
3.7986 13.547
3.8 13.561
3.8014 13.573
3.8028 13.582
3.8042 13.588
3.8056 13.592
3.8071 13.593
3.8085 13.592
3.8099 13.59
3.8113 13.587
3.8127 13.583
3.8141 13.578
3.8155 13.572
3.817 13.567
3.8184 13.561
3.8198 13.554
3.8212 13.548
3.8226 13.541
3.824 13.535
3.8254 13.528
3.8269 13.522
3.8283 13.516
3.8297 13.51
3.8311 13.505
3.8325 13.5
3.8339 13.496
3.8353 13.493
3.8368 13.491
3.8382 13.491
3.8396 13.491
3.841 13.493
3.8424 13.496
3.8438 13.5
3.8452 13.506
3.8467 13.512
3.8481 13.52
3.8495 13.529
3.8509 13.539
3.8523 13.549
3.8537 13.56
3.8551 13.571
3.8566 13.582
3.858 13.592
3.8594 13.602
3.8608 13.611
3.8622 13.62
3.8636 13.627
3.865 13.633
3.8665 13.638
3.8679 13.642
3.8693 13.644
3.8707 13.645
3.8721 13.645
3.8735 13.644
3.8749 13.642
3.8764 13.639
3.8778 13.635
3.8792 13.631
3.8806 13.626
3.882 13.622
3.8834 13.617
3.8848 13.612
3.8863 13.607
3.8877 13.603
3.8891 13.599
3.8905 13.596
3.8919 13.593
3.8933 13.591
3.8947 13.589
3.8962 13.589
3.8976 13.59
3.899 13.591
3.9004 13.594
3.9018 13.599
3.9032 13.604
3.9046 13.612
3.9061 13.621
3.9075 13.631
3.9089 13.644
3.9103 13.658
3.9117 13.674
3.9131 13.692
3.9145 13.711
3.916 13.731
3.9174 13.752
3.9188 13.774
3.9202 13.796
3.9216 13.818
3.923 13.84
3.9244 13.861
3.9259 13.881
3.9273 13.899
3.9287 13.916
3.9301 13.931
3.9315 13.943
3.9329 13.953
3.9343 13.961
3.9358 13.966
3.9372 13.968
3.9386 13.968
3.94 13.966
3.9414 13.961
3.9428 13.955
3.9442 13.947
3.9457 13.938
3.9471 13.927
3.9485 13.916
3.9499 13.904
3.9513 13.892
3.9527 13.879
3.9541 13.867
3.9556 13.854
3.957 13.841
3.9584 13.828
3.9598 13.816
3.9612 13.804
3.9626 13.791
3.964 13.78
3.9655 13.768
3.9669 13.757
3.9683 13.746
3.9697 13.735
3.9711 13.725
3.9725 13.714
3.9739 13.703
3.9754 13.693
3.9768 13.682
3.9782 13.671
3.9796 13.66
3.981 13.649
3.9824 13.638
3.9838 13.627
3.9853 13.617
3.9867 13.606
3.9881 13.596
3.9895 13.587
3.9909 13.577
3.9923 13.569
3.9937 13.561
3.9952 13.553
3.9966 13.546
3.998 13.54
3.9994 13.533
4.0008 13.527
4.0022 13.522
4.0036 13.516
4.0051 13.511
4.0065 13.506
4.0079 13.501
4.0093 13.497
4.0107 13.492
4.0121 13.488
4.0135 13.484
4.015 13.481
4.0164 13.478
4.0178 13.476
4.0192 13.474
4.0206 13.473
4.022 13.473
4.0234 13.474
4.0249 13.476
4.0263 13.478
4.0277 13.482
4.0291 13.485
4.0305 13.49
4.0319 13.494
4.0333 13.499
4.0348 13.505
4.0362 13.51
4.0376 13.515
4.039 13.521
4.0404 13.526
4.0418 13.531
4.0432 13.537
4.0447 13.542
4.0461 13.547
4.0475 13.552
4.0489 13.557
4.0503 13.562
4.0517 13.568
4.0531 13.573
4.0546 13.578
4.056 13.583
4.0574 13.588
4.0588 13.592
4.0602 13.596
4.0616 13.599
4.063 13.602
4.0644 13.604
4.0659 13.604
4.0673 13.604
4.0687 13.603
4.0701 13.601
4.0715 13.598
4.0729 13.595
4.0743 13.59
4.0758 13.586
4.0772 13.581
4.0786 13.577
4.08 13.572
4.0814 13.567
4.0828 13.562
4.0842 13.557
4.0857 13.552
4.0871 13.546
4.0885 13.539
4.0899 13.532
4.0913 13.524
4.0927 13.516
4.0941 13.507
4.0956 13.498
4.097 13.488
4.0984 13.479
4.0998 13.471
4.1012 13.463
4.1026 13.457
4.104 13.451
4.1055 13.447
4.1069 13.445
4.1083 13.443
4.1097 13.444
4.1111 13.445
4.1125 13.447
4.1139 13.449
4.1154 13.453
4.1168 13.456
4.1182 13.46
4.1196 13.464
4.121 13.468
4.1224 13.472
4.1238 13.476
4.1253 13.48
4.1267 13.485
4.1281 13.49
4.1295 13.496
4.1309 13.502
4.1323 13.509
4.1337 13.516
4.1352 13.524
4.1366 13.532
4.138 13.541
4.1394 13.55
4.1408 13.559
4.1422 13.568
4.1436 13.577
4.1451 13.585
4.1465 13.593
4.1479 13.6
4.1493 13.606
4.1507 13.612
4.1521 13.617
4.1535 13.622
4.155 13.626
4.1564 13.629
4.1578 13.632
4.1592 13.635
4.1606 13.636
4.162 13.637
4.1634 13.638
4.1649 13.637
4.1663 13.636
4.1677 13.633
4.1691 13.63
4.1705 13.626
4.1719 13.622
4.1733 13.617
4.1748 13.613
4.1762 13.608
4.1776 13.603
4.179 13.599
4.1804 13.595
4.1818 13.591
4.1832 13.588
4.1847 13.585
4.1861 13.583
4.1875 13.581
4.1889 13.579
4.1903 13.578
4.1917 13.576
4.1931 13.575
4.1946 13.574
4.196 13.573
4.1974 13.573
4.1988 13.574
4.2002 13.575
4.2016 13.577
4.203 13.58
4.2045 13.583
4.2059 13.588
4.2073 13.593
4.2087 13.6
4.2101 13.607
4.2115 13.614
4.2129 13.622
4.2144 13.631
4.2158 13.639
4.2172 13.648
4.2186 13.657
4.22 13.666
4.2214 13.675
4.2228 13.683
4.2243 13.692
4.2257 13.7
4.2271 13.708
4.2285 13.715
4.2299 13.722
4.2313 13.729
4.2327 13.736
4.2342 13.742
4.2356 13.748
4.237 13.753
4.2384 13.758
4.2398 13.762
4.2412 13.766
4.2426 13.769
4.2441 13.772
4.2455 13.774
4.2469 13.776
4.2483 13.777
4.2497 13.778
4.2511 13.778
4.2525 13.777
4.254 13.776
4.2554 13.775
4.2568 13.773
4.2582 13.77
4.2596 13.767
4.261 13.764
4.2624 13.76
4.2639 13.756
4.2653 13.751
4.2667 13.746
4.2681 13.741
4.2695 13.735
4.2709 13.729
4.2723 13.723
4.2738 13.717
4.2752 13.711
4.2766 13.705
4.278 13.7
4.2794 13.694
4.2808 13.689
4.2822 13.685
4.2837 13.68
4.2851 13.676
4.2865 13.672
4.2879 13.668
4.2893 13.664
4.2907 13.66
4.2921 13.657
4.2936 13.653
4.295 13.65
4.2964 13.646
4.2978 13.642
4.2992 13.639
4.3006 13.635
4.302 13.631
4.3035 13.627
4.3049 13.622
4.3063 13.618
4.3077 13.613
4.3091 13.609
4.3105 13.603
4.3119 13.598
4.3134 13.592
4.3148 13.586
4.3162 13.58
4.3176 13.573
4.319 13.566
4.3204 13.559
4.3218 13.552
4.3233 13.545
4.3247 13.538
4.3261 13.531
4.3275 13.524
4.3289 13.518
4.3303 13.512
4.3317 13.506
4.3332 13.501
4.3346 13.496
4.336 13.491
4.3374 13.487
4.3388 13.483
4.3402 13.48
4.3416 13.477
4.343 13.474
4.3445 13.472
4.3459 13.471
4.3473 13.469
4.3487 13.469
4.3501 13.468
4.3515 13.469
4.3529 13.469
4.3544 13.47
4.3558 13.472
4.3572 13.473
4.3586 13.475
4.36 13.478
4.3614 13.48
4.3628 13.483
4.3643 13.487
4.3657 13.49
4.3671 13.494
4.3685 13.497
4.3699 13.501
4.3713 13.505
4.3727 13.509
4.3742 13.513
4.3756 13.517
4.377 13.521
4.3784 13.524
4.3798 13.527
4.3812 13.53
4.3826 13.532
4.3841 13.534
4.3855 13.535
4.3869 13.535
4.3883 13.535
4.3897 13.535
4.3911 13.533
4.3925 13.532
4.394 13.529
4.3954 13.526
4.3968 13.523
4.3982 13.52
4.3996 13.516
4.401 13.511
4.4024 13.507
4.4039 13.502
4.4053 13.497
4.4067 13.493
4.4081 13.488
4.4095 13.483
4.4109 13.479
4.4123 13.474
4.4138 13.47
4.4152 13.466
4.4166 13.462
4.418 13.458
4.4194 13.454
4.4208 13.451
4.4222 13.448
4.4237 13.444
4.4251 13.441
4.4265 13.439
4.4279 13.436
4.4293 13.433
4.4307 13.431
4.4321 13.429
4.4336 13.427
4.435 13.425
4.4364 13.424
4.4378 13.422
4.4392 13.421
4.4406 13.42
4.442 13.42
4.4435 13.42
4.4449 13.42
4.4463 13.42
4.4477 13.42
4.4491 13.421
4.4505 13.422
4.4519 13.423
4.4534 13.424
4.4548 13.425
4.4562 13.427
4.4576 13.429
4.459 13.431
4.4604 13.434
4.4618 13.436
4.4633 13.439
4.4647 13.442
4.4661 13.445
4.4675 13.448
4.4689 13.451
4.4703 13.454
4.4717 13.457
4.4732 13.46
4.4746 13.462
4.476 13.465
4.4774 13.467
4.4788 13.47
4.4802 13.472
4.4816 13.474
4.4831 13.476
4.4845 13.477
4.4859 13.478
4.4873 13.479
4.4887 13.479
4.4901 13.479
4.4915 13.478
4.493 13.477
4.4944 13.476
4.4958 13.474
4.4972 13.473
4.4986 13.471
4.5 13.469
4.5014 13.467
4.5029 13.465
4.5043 13.463
4.5057 13.461
4.5071 13.459
4.5085 13.457
4.5099 13.455
4.5113 13.453
4.5128 13.451
4.5142 13.449
4.5156 13.447
4.517 13.446
4.5184 13.445
4.5198 13.444
4.5212 13.444
4.5227 13.443
4.5241 13.444
4.5255 13.444
4.5269 13.444
4.5283 13.445
4.5297 13.446
4.5311 13.447
4.5326 13.448
4.534 13.45
4.5354 13.452
4.5368 13.454
4.5382 13.456
4.5396 13.458
4.541 13.461
4.5425 13.464
4.5439 13.467
4.5453 13.47
4.5467 13.474
4.5481 13.477
4.5495 13.481
4.5509 13.484
4.5524 13.487
4.5538 13.491
4.5552 13.494
4.5566 13.498
4.558 13.501
4.5594 13.504
4.5608 13.508
4.5623 13.511
4.5637 13.515
4.5651 13.519
4.5665 13.522
4.5679 13.526
4.5693 13.53
4.5707 13.533
4.5722 13.537
4.5736 13.54
4.575 13.543
4.5764 13.545
4.5778 13.548
4.5792 13.55
4.5806 13.552
4.5821 13.554
4.5835 13.556
4.5849 13.557
4.5863 13.558
4.5877 13.56
4.5891 13.56
4.5905 13.561
4.592 13.562
4.5934 13.562
4.5948 13.562
4.5962 13.561
4.5976 13.561
4.599 13.56
4.6004 13.559
4.6019 13.558
4.6033 13.557
4.6047 13.556
4.6061 13.555
4.6075 13.553
4.6089 13.552
4.6103 13.55
4.6118 13.548
4.6132 13.546
4.6146 13.543
4.616 13.541
4.6174 13.537
4.6188 13.534
4.6202 13.531
4.6216 13.527
4.6231 13.523
4.6245 13.52
4.6259 13.516
4.6273 13.512
4.6287 13.509
4.6301 13.505
4.6315 13.502
4.633 13.498
4.6344 13.495
4.6358 13.491
4.6372 13.487
4.6386 13.484
4.64 13.48
4.6414 13.477
4.6429 13.473
4.6443 13.469
4.6457 13.466
4.6471 13.462
4.6485 13.459
4.6499 13.455
4.6513 13.452
4.6528 13.449
4.6542 13.446
4.6556 13.443
4.657 13.44
4.6584 13.437
4.6598 13.434
4.6612 13.431
4.6627 13.428
4.6641 13.424
4.6655 13.421
4.6669 13.418
4.6683 13.414
4.6697 13.411
4.6711 13.408
4.6726 13.405
4.674 13.402
4.6754 13.399
4.6768 13.396
4.6782 13.393
4.6796 13.39
4.681 13.388
4.6825 13.385
4.6839 13.382
4.6853 13.38
4.6867 13.377
4.6881 13.375
4.6895 13.372
4.6909 13.37
4.6924 13.367
4.6938 13.365
4.6952 13.363
4.6966 13.361
4.698 13.359
4.6994 13.358
4.7008 13.356
4.7023 13.354
4.7037 13.353
4.7051 13.351
4.7065 13.35
4.7079 13.348
4.7093 13.347
4.7107 13.346
4.7122 13.344
4.7136 13.343
4.715 13.342
4.7164 13.341
4.7178 13.34
4.7192 13.339
4.7206 13.338
4.7221 13.337
4.7235 13.336
4.7249 13.335
4.7263 13.334
4.7277 13.333
4.7291 13.332
4.7305 13.331
4.732 13.33
4.7334 13.328
4.7348 13.327
4.7362 13.325
4.7376 13.324
4.739 13.322
4.7404 13.32
4.7419 13.318
4.7433 13.316
4.7447 13.313
4.7461 13.311
4.7475 13.308
4.7489 13.306
4.7503 13.303
4.7518 13.301
4.7532 13.298
4.7546 13.295
4.756 13.293
4.7574 13.29
4.7588 13.287
4.7602 13.285
4.7617 13.282
4.7631 13.28
4.7645 13.277
4.7659 13.274
4.7673 13.271
4.7687 13.268
4.7701 13.265
4.7716 13.262
4.773 13.259
4.7744 13.256
4.7758 13.253
4.7772 13.25
4.7786 13.247
4.78 13.245
4.7815 13.242
4.7829 13.24
4.7843 13.237
4.7857 13.235
4.7871 13.233
4.7885 13.231
4.7899 13.23
4.7914 13.228
4.7928 13.227
4.7942 13.226
4.7956 13.225
4.797 13.224
4.7984 13.223
4.7998 13.222
4.8013 13.222
4.8027 13.221
4.8041 13.221
4.8055 13.221
4.8069 13.222
4.8083 13.222
4.8097 13.223
4.8112 13.223
4.8126 13.224
4.814 13.225
4.8154 13.225
4.8168 13.226
4.8182 13.227
4.8196 13.227
4.8211 13.228
4.8225 13.228
4.8239 13.229
4.8253 13.229
4.8267 13.229
4.8281 13.229
4.8295 13.229
4.831 13.229
4.8324 13.229
4.8338 13.228
4.8352 13.228
4.8366 13.227
4.838 13.226
4.8394 13.225
4.8409 13.223
4.8423 13.222
4.8437 13.22
4.8451 13.219
4.8465 13.217
4.8479 13.215
4.8493 13.214
4.8508 13.212
4.8522 13.21
4.8536 13.208
4.855 13.206
4.8564 13.204
4.8578 13.201
4.8592 13.199
4.8607 13.197
4.8621 13.195
4.8635 13.192
4.8649 13.19
4.8663 13.188
4.8677 13.186
4.8691 13.183
4.8706 13.181
4.872 13.179
4.8734 13.177
4.8748 13.175
4.8762 13.173
4.8776 13.17
4.879 13.168
4.8805 13.166
4.8819 13.163
4.8833 13.16
4.8847 13.158
4.8861 13.155
4.8875 13.153
4.8889 13.15
4.8904 13.148
4.8918 13.145
4.8932 13.143
4.8946 13.141
4.896 13.138
4.8974 13.136
4.8988 13.135
4.9002 13.133
4.9017 13.131
4.9031 13.129
4.9045 13.128
4.9059 13.127
4.9073 13.126
4.9087 13.124
4.9101 13.123
4.9116 13.122
4.913 13.121
4.9144 13.12
4.9158 13.119
4.9172 13.118
4.9186 13.117
4.92 13.116
4.9215 13.115
4.9229 13.114
4.9243 13.114
4.9257 13.114
4.9271 13.114
4.9285 13.115
4.9299 13.115
4.9314 13.116
4.9328 13.116
4.9342 13.117
4.9356 13.117
4.937 13.118
4.9384 13.12
4.9398 13.121
4.9413 13.124
4.9427 13.126
4.9441 13.129
4.9455 13.132
4.9469 13.134
4.9483 13.136
4.9497 13.138
4.9512 13.139
4.9526 13.14
4.954 13.14
4.9554 13.141
4.9568 13.142
4.9582 13.143
4.9596 13.145
4.9611 13.146
4.9625 13.148
4.9639 13.15
4.9653 13.151
4.9667 13.152
4.9681 13.153
4.9695 13.153
4.971 13.153
4.9724 13.152
4.9738 13.152
4.9752 13.152
4.9766 13.152
4.978 13.151
4.9794 13.151
4.9809 13.151
4.9823 13.151
4.9837 13.15
4.9851 13.15
4.9865 13.149
4.9879 13.149
4.9893 13.148
4.9908 13.148
4.9922 13.148
4.9936 13.147
4.995 13.147
4.9964 13.146
4.9978 13.145
4.9992 13.144
5.0007 13.142
5.0021 13.14
5.0035 13.139
5.0049 13.137
5.0063 13.135
5.0077 13.134
5.0091 13.132
5.0106 13.131
5.012 13.129
5.0134 13.128
5.0148 13.126
5.0162 13.125
5.0176 13.123
5.019 13.122
5.0205 13.12
5.0219 13.119
5.0233 13.117
5.0247 13.116
5.0261 13.115
5.0275 13.113
5.0289 13.111
5.0304 13.109
5.0318 13.106
5.0332 13.103
5.0346 13.099
5.036 13.095
5.0374 13.091
5.0388 13.087
5.0403 13.083
5.0417 13.079
5.0431 13.075
5.0445 13.072
5.0459 13.069
5.0473 13.066
5.0487 13.062
5.0502 13.059
5.0516 13.056
5.053 13.052
5.0544 13.048
5.0558 13.043
5.0572 13.039
5.0586 13.034
5.0601 13.03
5.0615 13.025
5.0629 13.021
5.0643 13.016
5.0657 13.013
5.0671 13.009
5.0685 13.007
5.07 13.004
5.0714 13.002
5.0728 13
5.0742 12.999
5.0756 12.998
5.077 12.996
5.0784 12.995
5.0799 12.994
5.0813 12.992
5.0827 12.991
5.0841 12.989
5.0855 12.987
5.0869 12.986
5.0883 12.984
5.0898 12.983
5.0912 12.981
5.0926 12.98
5.094 12.979
5.0954 12.978
5.0968 12.977
5.0982 12.976
5.0997 12.975
5.1011 12.974
5.1025 12.973
5.1039 12.972
5.1053 12.971
5.1067 12.97
5.1081 12.969
5.1096 12.968
5.111 12.968
5.1124 12.967
5.1138 12.967
5.1152 12.967
5.1166 12.967
5.118 12.967
5.1195 12.968
5.1209 12.968
5.1223 12.968
5.1237 12.969
5.1251 12.969
5.1265 12.969
5.1279 12.969
5.1294 12.969
5.1308 12.968
5.1322 12.968
5.1336 12.967
5.135 12.966
5.1364 12.966
5.1378 12.965
5.1393 12.964
5.1407 12.963
5.1421 12.962
5.1435 12.96
5.1449 12.959
5.1463 12.958
5.1477 12.956
5.1492 12.954
5.1506 12.953
5.152 12.951
5.1534 12.948
5.1548 12.946
5.1562 12.944
5.1576 12.942
5.1591 12.939
5.1605 12.937
5.1619 12.935
5.1633 12.932
5.1647 12.93
5.1661 12.928
5.1675 12.925
5.169 12.923
5.1704 12.921
5.1718 12.918
5.1732 12.916
5.1746 12.913
5.176 12.911
5.1774 12.909
5.1789 12.907
5.1803 12.905
5.1817 12.903
5.1831 12.901
5.1845 12.899
5.1859 12.897
5.1873 12.895
5.1887 12.893
5.1902 12.891
5.1916 12.889
5.193 12.887
5.1944 12.884
5.1958 12.882
5.1972 12.879
5.1986 12.876
5.2001 12.874
5.2015 12.871
5.2029 12.869
5.2043 12.867
5.2057 12.865
5.2071 12.864
5.2085 12.863
5.21 12.861
5.2114 12.86
5.2128 12.859
5.2142 12.858
5.2156 12.857
5.217 12.855
5.2184 12.854
5.2199 12.852
5.2213 12.851
5.2227 12.849
5.2241 12.848
5.2255 12.847
5.2269 12.846
5.2283 12.845
5.2298 12.844
5.2312 12.843
5.2326 12.843
5.234 12.843
5.2354 12.843
5.2368 12.843
5.2382 12.844
5.2397 12.844
5.2411 12.846
5.2425 12.847
5.2439 12.849
5.2453 12.85
5.2467 12.852
5.2481 12.854
5.2496 12.856
5.251 12.858
5.2524 12.86
5.2538 12.862
5.2552 12.865
5.2566 12.867
5.258 12.87
5.2595 12.873
5.2609 12.877
5.2623 12.881
5.2637 12.885
5.2651 12.889
5.2665 12.894
5.2679 12.898
5.2694 12.903
5.2708 12.908
5.2722 12.913
5.2736 12.917
5.275 12.922
5.2764 12.928
5.2778 12.933
5.2793 12.939
5.2807 12.944
5.2821 12.951
5.2835 12.957
5.2849 12.963
5.2863 12.97
5.2877 12.977
5.2892 12.983
5.2906 12.989
5.292 12.996
5.2934 13.002
5.2948 13.008
5.2962 13.014
5.2976 13.02
5.2991 13.026
5.3005 13.033
5.3019 13.039
5.3033 13.046
5.3047 13.053
5.3061 13.059
5.3075 13.066
5.309 13.072
5.3104 13.079
5.3118 13.085
5.3132 13.091
5.3146 13.097
5.316 13.103
5.3174 13.108
5.3189 13.114
5.3203 13.119
5.3217 13.124
5.3231 13.129
5.3245 13.134
5.3259 13.139
5.3273 13.144
5.3288 13.149
5.3302 13.154
5.3316 13.158
5.333 13.162
5.3344 13.165
5.3358 13.168
5.3372 13.17
5.3387 13.172
5.3401 13.175
5.3415 13.177
5.3429 13.18
5.3443 13.182
5.3457 13.185
5.3471 13.188
5.3486 13.191
5.35 13.194
5.3514 13.196
5.3528 13.198
5.3542 13.199
5.3556 13.2
5.357 13.201
5.3585 13.202
5.3599 13.202
5.3613 13.202
5.3627 13.203
5.3641 13.203
5.3655 13.205
5.3669 13.206
5.3684 13.208
5.3698 13.211
5.3712 13.213
5.3726 13.216
5.374 13.219
5.3754 13.221
5.3768 13.223
5.3783 13.224
5.3797 13.226
5.3811 13.227
5.3825 13.228
5.3839 13.231
5.3853 13.233
5.3867 13.237
5.3882 13.241
5.3896 13.245
5.391 13.249
5.3924 13.254
5.3938 13.258
5.3952 13.263
5.3966 13.266
5.3981 13.27
5.3995 13.273
5.4009 13.276
5.4023 13.278
5.4037 13.281
5.4051 13.282
5.4065 13.284
5.408 13.286
5.4094 13.288
5.4108 13.291
5.4122 13.293
5.4136 13.296
5.415 13.3
5.4164 13.303
5.4179 13.307
5.4193 13.31
5.4207 13.314
5.4221 13.317
5.4235 13.319
5.4249 13.322
5.4263 13.323
5.4278 13.325
5.4292 13.326
5.4306 13.328
5.432 13.329
5.4334 13.331
5.4348 13.333
5.4362 13.335
5.4377 13.338
5.4391 13.341
5.4405 13.344
5.4419 13.347
5.4433 13.349
5.4447 13.353
5.4461 13.356
5.4476 13.359
5.449 13.363
5.4504 13.366
5.4518 13.369
5.4532 13.372
5.4546 13.375
5.456 13.378
5.4575 13.38
5.4589 13.383
5.4603 13.386
5.4617 13.389
5.4631 13.393
5.4645 13.397
5.4659 13.401
5.4673 13.405
5.4688 13.41
5.4702 13.415
5.4716 13.42
5.473 13.426
5.4744 13.431
5.4758 13.437
5.4772 13.443
5.4787 13.448
5.4801 13.454
5.4815 13.46
5.4829 13.465
5.4843 13.471
5.4857 13.476
5.4871 13.482
5.4886 13.487
5.49 13.493
5.4914 13.499
5.4928 13.504
5.4942 13.51
5.4956 13.515
5.497 13.521
5.4985 13.526
5.4999 13.531
5.5013 13.535
5.5027 13.54
5.5041 13.544
5.5055 13.549
5.5069 13.553
5.5084 13.557
5.5098 13.562
5.5112 13.566
5.5126 13.571
5.514 13.576
5.5154 13.58
5.5168 13.585
5.5183 13.59
5.5197 13.595
5.5211 13.6
5.5225 13.605
5.5239 13.61
5.5253 13.616
5.5267 13.621
5.5282 13.627
5.5296 13.633
5.531 13.639
5.5324 13.645
5.5338 13.651
5.5352 13.656
5.5366 13.662
5.5381 13.667
5.5395 13.673
5.5409 13.678
5.5423 13.683
5.5437 13.688
5.5451 13.692
5.5465 13.697
5.548 13.701
5.5494 13.706
5.5508 13.71
5.5522 13.714
5.5536 13.719
5.555 13.723
5.5564 13.727
5.5579 13.732
5.5593 13.736
5.5607 13.74
5.5621 13.744
5.5635 13.747
5.5649 13.751
5.5663 13.754
5.5678 13.758
5.5692 13.761
5.5706 13.764
5.572 13.767
5.5734 13.77
5.5748 13.774
5.5762 13.777
5.5777 13.781
5.5791 13.784
5.5805 13.788
5.5819 13.793
5.5833 13.797
5.5847 13.801
5.5861 13.806
5.5876 13.811
5.589 13.815
5.5904 13.82
5.5918 13.825
5.5932 13.829
5.5946 13.833
5.596 13.837
5.5975 13.841
5.5989 13.845
5.6003 13.849
5.6017 13.853
5.6031 13.856
5.6045 13.86
5.6059 13.863
5.6074 13.867
5.6088 13.87
5.6102 13.874
5.6116 13.877
5.613 13.881
5.6144 13.884
5.6158 13.887
5.6173 13.891
5.6187 13.894
5.6201 13.898
5.6215 13.901
5.6229 13.904
5.6243 13.908
5.6257 13.911
5.6272 13.915
5.6286 13.918
5.63 13.922
5.6314 13.925
5.6328 13.928
5.6342 13.931
5.6356 13.934
5.6371 13.936
5.6385 13.938
5.6399 13.94
5.6413 13.942
5.6427 13.943
5.6441 13.945
5.6455 13.946
5.647 13.947
5.6484 13.949
5.6498 13.95
5.6512 13.951
5.6526 13.953
5.654 13.955
5.6554 13.956
5.6569 13.958
5.6583 13.959
5.6597 13.961
5.6611 13.963
5.6625 13.965
5.6639 13.967
5.6653 13.969
5.6668 13.971
5.6682 13.974
5.6696 13.976
5.671 13.979
5.6724 13.981
5.6738 13.984
5.6752 13.986
5.6767 13.988
5.6781 13.99
5.6795 13.992
5.6809 13.994
5.6823 13.996
5.6837 13.997
5.6851 13.999
5.6866 14.001
5.688 14.002
5.6894 14.004
5.6908 14.005
5.6922 14.006
5.6936 14.006
5.695 14.007
5.6965 14.007
5.6979 14.007
5.6993 14.007
5.7007 14.007
5.7021 14.006
5.7035 14.005
5.7049 14.005
5.7064 14.004
5.7078 14.003
5.7092 14.002
5.7106 14
5.712 13.999
5.7134 13.997
5.7148 13.996
5.7163 13.994
5.7177 13.992
5.7191 13.99
5.7205 13.988
5.7219 13.986
5.7233 13.984
5.7247 13.983
5.7262 13.982
5.7276 13.981
5.729 13.98
5.7304 13.979
5.7318 13.979
5.7332 13.979
5.7346 13.978
5.7361 13.978
5.7375 13.978
5.7389 13.978
5.7403 13.977
5.7417 13.977
5.7431 13.977
5.7445 13.977
5.7459 13.977
5.7474 13.977
5.7488 13.977
5.7502 13.977
5.7516 13.977
5.753 13.977
5.7544 13.977
5.7558 13.978
5.7573 13.978
5.7587 13.978
5.7601 13.978
5.7615 13.978
5.7629 13.978
5.7643 13.978
5.7657 13.978
5.7672 13.977
5.7686 13.977
5.77 13.976
5.7714 13.976
5.7728 13.976
5.7742 13.976
5.7756 13.976
5.7771 13.975
5.7785 13.975
5.7799 13.975
5.7813 13.975
5.7827 13.975
5.7841 13.975
5.7855 13.975
5.787 13.975
5.7884 13.975
5.7898 13.976
5.7912 13.976
5.7926 13.977
5.794 13.977
5.7954 13.978
5.7969 13.979
5.7983 13.98
5.7997 13.982
5.8011 13.983
5.8025 13.985
5.8039 13.987
5.8053 13.989
5.8068 13.991
5.8082 13.994
5.8096 13.996
5.811 13.999
5.8124 14.002
5.8138 14.005
5.8152 14.008
5.8167 14.01
5.8181 14.013
5.8195 14.016
5.8209 14.018
5.8223 14.02
5.8237 14.022
5.8251 14.024
5.8266 14.025
5.828 14.026
5.8294 14.027
5.8308 14.027
5.8322 14.027
5.8336 14.027
5.835 14.027
5.8365 14.026
5.8379 14.025
5.8393 14.024
5.8407 14.022
5.8421 14.02
5.8435 14.019
5.8449 14.017
5.8464 14.015
5.8478 14.013
5.8492 14.012
5.8506 14.01
5.852 14.009
5.8534 14.008
5.8548 14.007
5.8563 14.006
5.8577 14.005
5.8591 14.004
5.8605 14.003
5.8619 14.002
5.8633 14.002
5.8647 14.001
5.8662 14.001
5.8676 14.001
5.869 14.001
5.8704 14.001
5.8718 14.001
5.8732 14.002
5.8746 14.003
5.8761 14.004
5.8775 14.006
5.8789 14.008
5.8803 14.009
5.8817 14.011
5.8831 14.013
5.8845 14.015
5.886 14.017
5.8874 14.02
5.8888 14.022
5.8902 14.024
5.8916 14.027
5.893 14.029
5.8944 14.031
5.8959 14.034
5.8973 14.036
5.8987 14.038
5.9001 14.04
5.9015 14.042
5.9029 14.044
5.9043 14.046
5.9058 14.048
5.9072 14.05
5.9086 14.052
5.91 14.054
5.9114 14.056
5.9128 14.059
5.9142 14.061
5.9157 14.064
5.9171 14.067
5.9185 14.069
5.9199 14.073
5.9213 14.076
5.9227 14.079
5.9241 14.082
5.9256 14.085
5.927 14.088
5.9284 14.091
5.9298 14.094
5.9312 14.097
5.9326 14.1
5.934 14.103
5.9355 14.106
5.9369 14.11
5.9383 14.113
5.9397 14.117
5.9411 14.12
5.9425 14.124
5.9439 14.127
5.9454 14.131
5.9468 14.134
5.9482 14.138
5.9496 14.142
5.951 14.145
5.9524 14.149
5.9538 14.152
5.9553 14.155
5.9567 14.158
5.9581 14.161
5.9595 14.164
5.9609 14.167
5.9623 14.169
5.9637 14.172
5.9652 14.174
5.9666 14.176
5.968 14.178
5.9694 14.18
5.9708 14.181
5.9722 14.183
5.9736 14.185
5.9751 14.187
5.9765 14.188
5.9779 14.19
5.9793 14.192
5.9807 14.194
5.9821 14.196
5.9835 14.198
5.985 14.201
5.9864 14.203
5.9878 14.205
5.9892 14.208
5.9906 14.21
5.992 14.213
5.9934 14.216
5.9949 14.219
5.9963 14.222
5.9977 14.225
5.9991 14.228
6.0005 14.23
6.0019 14.233
6.0033 14.236
6.0048 14.238
6.0062 14.241
6.0076 14.243
6.009 14.245
6.0104 14.247
6.0118 14.249
6.0132 14.251
6.0147 14.253
6.0161 14.254
6.0175 14.256
6.0189 14.257
6.0203 14.259
6.0217 14.26
6.0231 14.261
6.0245 14.262
6.026 14.263
6.0274 14.264
6.0288 14.266
6.0302 14.267
6.0316 14.268
6.033 14.27
6.0344 14.271
6.0359 14.273
6.0373 14.274
6.0387 14.276
6.0401 14.277
6.0415 14.279
6.0429 14.28
6.0443 14.281
6.0458 14.283
6.0472 14.284
6.0486 14.285
6.05 14.286
6.0514 14.287
6.0528 14.289
6.0542 14.29
6.0557 14.292
6.0571 14.293
6.0585 14.295
6.0599 14.296
6.0613 14.298
6.0627 14.299
6.0641 14.3
6.0656 14.302
6.067 14.303
6.0684 14.304
6.0698 14.306
6.0712 14.308
6.0726 14.31
6.074 14.313
6.0755 14.316
6.0769 14.319
6.0783 14.321
6.0797 14.324
6.0811 14.327
6.0825 14.33
6.0839 14.332
6.0854 14.335
6.0868 14.337
6.0882 14.339
6.0896 14.342
6.091 14.345
6.0924 14.348
6.0938 14.351
6.0953 14.355
6.0967 14.359
6.0981 14.362
6.0995 14.367
6.1009 14.371
6.1023 14.376
6.1037 14.382
6.1052 14.388
6.1066 14.394
6.108 14.4
6.1094 14.407
6.1108 14.414
6.1122 14.422
6.1136 14.429
6.1151 14.437
6.1165 14.445
6.1179 14.453
6.1193 14.461
6.1207 14.469
6.1221 14.477
6.1235 14.486
6.125 14.494
6.1264 14.502
6.1278 14.509
6.1292 14.517
6.1306 14.524
6.132 14.532
6.1334 14.539
6.1349 14.546
6.1363 14.552
6.1377 14.559
6.1391 14.566
6.1405 14.572
6.1419 14.579
6.1433 14.585
6.1448 14.592
6.1462 14.598
6.1476 14.604
6.149 14.611
6.1504 14.617
6.1518 14.624
6.1532 14.631
6.1547 14.638
6.1561 14.645
6.1575 14.653
6.1589 14.661
6.1603 14.668
6.1617 14.677
6.1631 14.685
6.1646 14.693
6.166 14.702
6.1674 14.71
6.1688 14.719
6.1702 14.728
6.1716 14.738
6.173 14.747
6.1745 14.756
6.1759 14.766
6.1773 14.775
6.1787 14.784
6.1801 14.794
6.1815 14.803
6.1829 14.812
6.1844 14.821
6.1858 14.831
6.1872 14.84
6.1886 14.849
6.19 14.858
6.1914 14.867
6.1928 14.876
6.1943 14.885
6.1957 14.893
6.1971 14.901
6.1985 14.909
6.1999 14.917
6.2013 14.925
6.2027 14.933
6.2042 14.94
6.2056 14.948
6.207 14.955
6.2084 14.963
6.2098 14.971
6.2112 14.978
6.2126 14.985
6.2141 14.992
6.2155 14.999
6.2169 15.006
6.2183 15.012
6.2197 15.017
6.2211 15.022
6.2225 15.027
6.224 15.031
6.2254 15.035
6.2268 15.038
6.2282 15.041
6.2296 15.044
6.231 15.046
6.2324 15.048
6.2339 15.05
6.2353 15.051
6.2367 15.053
6.2381 15.054
6.2395 15.056
6.2409 15.059
6.2423 15.061
6.2438 15.065
6.2452 15.069
6.2466 15.074
6.248 15.08
6.2494 15.086
6.2508 15.093
6.2522 15.1
6.2537 15.108
6.2551 15.116
6.2565 15.124
6.2579 15.133
6.2593 15.141
6.2607 15.15
6.2621 15.159
6.2636 15.168
6.265 15.177
6.2664 15.186
6.2678 15.195
6.2692 15.203
6.2706 15.211
6.272 15.219
6.2735 15.228
6.2749 15.236
6.2763 15.244
6.2777 15.252
6.2791 15.261
6.2805 15.27
6.2819 15.28
6.2834 15.29
6.2848 15.302
6.2862 15.313
6.2876 15.325
6.289 15.337
6.2904 15.35
6.2918 15.362
6.2933 15.374
6.2947 15.386
6.2961 15.398
6.2975 15.409
6.2989 15.42
6.3003 15.431
6.3017 15.441
6.3031 15.45
6.3046 15.46
6.306 15.468
6.3074 15.476
6.3088 15.484
6.3102 15.491
6.3116 15.497
6.313 15.504
6.3145 15.509
6.3159 15.515
6.3173 15.521
6.3187 15.526
6.3201 15.532
6.3215 15.538
6.3229 15.545
6.3244 15.551
6.3258 15.558
6.3272 15.566
6.3286 15.573
6.33 15.581
6.3314 15.589
6.3328 15.597
6.3343 15.605
6.3357 15.613
6.3371 15.621
6.3385 15.629
6.3399 15.637
6.3413 15.646
6.3427 15.654
6.3442 15.663
6.3456 15.671
6.347 15.68
6.3484 15.689
6.3498 15.697
6.3512 15.706
6.3526 15.714
6.3541 15.722
6.3555 15.73
6.3569 15.738
6.3583 15.746
6.3597 15.754
6.3611 15.761
6.3625 15.769
6.364 15.778
6.3654 15.786
6.3668 15.794
6.3682 15.802
6.3696 15.81
6.371 15.818
6.3724 15.826
6.3739 15.833
6.3753 15.841
6.3767 15.848
6.3781 15.856
6.3795 15.863
6.3809 15.87
6.3823 15.877
6.3838 15.883
6.3852 15.889
6.3866 15.895
6.388 15.901
6.3894 15.907
6.3908 15.913
6.3922 15.919
6.3937 15.925
6.3951 15.931
6.3965 15.937
6.3979 15.943
6.3993 15.949
6.4007 15.955
6.4021 15.961
6.4036 15.967
6.405 15.973
6.4064 15.98
6.4078 15.986
6.4092 15.992
6.4106 15.999
6.412 16.006
6.4135 16.013
6.4149 16.02
6.4163 16.027
6.4177 16.035
6.4191 16.042
6.4205 16.05
6.4219 16.058
6.4234 16.066
6.4248 16.074
6.4262 16.082
6.4276 16.09
6.429 16.099
6.4304 16.107
6.4318 16.115
6.4333 16.123
6.4347 16.131
6.4361 16.139
6.4375 16.147
6.4389 16.155
6.4403 16.163
6.4417 16.17
6.4432 16.178
6.4446 16.186
6.446 16.193
6.4474 16.2
6.4488 16.208
6.4502 16.215
6.4516 16.223
6.4531 16.23
6.4545 16.238
6.4559 16.245
6.4573 16.253
6.4587 16.261
6.4601 16.268
6.4615 16.276
6.463 16.283
6.4644 16.291
6.4658 16.298
6.4672 16.306
6.4686 16.314
6.47 16.322
6.4714 16.33
6.4729 16.338
6.4743 16.347
6.4757 16.355
6.4771 16.364
6.4785 16.372
6.4799 16.381
6.4813 16.389
6.4828 16.398
6.4842 16.406
6.4856 16.415
6.487 16.423
6.4884 16.431
6.4898 16.439
6.4912 16.447
6.4927 16.455
6.4941 16.463
6.4955 16.471
6.4969 16.479
6.4983 16.487
6.4997 16.495
6.5011 16.503
6.5026 16.511
6.504 16.519
6.5054 16.527
6.5068 16.534
6.5082 16.542
6.5096 16.549
6.511 16.556
6.5125 16.563
6.5139 16.57
6.5153 16.577
6.5167 16.583
6.5181 16.59
6.5195 16.596
6.5209 16.603
6.5224 16.609
6.5238 16.616
6.5252 16.622
6.5266 16.629
6.528 16.635
6.5294 16.642
6.5308 16.649
6.5323 16.656
6.5337 16.662
6.5351 16.669
6.5365 16.675
6.5379 16.682
6.5393 16.689
6.5407 16.695
6.5422 16.702
6.5436 16.709
6.545 16.715
6.5464 16.722
6.5478 16.728
6.5492 16.734
6.5506 16.741
6.5521 16.747
6.5535 16.753
6.5549 16.759
6.5563 16.764
6.5577 16.77
6.5591 16.775
6.5605 16.781
6.562 16.786
6.5634 16.792
6.5648 16.798
6.5662 16.803
6.5676 16.809
6.569 16.815
6.5704 16.821
6.5719 16.828
6.5733 16.834
6.5747 16.84
6.5761 16.847
6.5775 16.854
6.5789 16.861
6.5803 16.868
6.5817 16.875
6.5832 16.882
6.5846 16.889
6.586 16.897
6.5874 16.904
6.5888 16.911
6.5902 16.918
6.5916 16.925
6.5931 16.932
6.5945 16.939
6.5959 16.945
6.5973 16.952
6.5987 16.958
6.6001 16.964
6.6015 16.97
6.603 16.977
6.6044 16.983
6.6058 16.988
6.6072 16.994
6.6086 17
6.61 17.005
6.6114 17.01
6.6129 17.015
6.6143 17.02
6.6157 17.024
6.6171 17.028
6.6185 17.032
6.6199 17.036
6.6213 17.04
6.6228 17.044
6.6242 17.047
6.6256 17.05
6.627 17.054
6.6284 17.057
6.6298 17.06
6.6312 17.062
6.6327 17.065
6.6341 17.067
6.6355 17.068
6.6369 17.07
6.6383 17.071
6.6397 17.072
6.6411 17.072
6.6426 17.072
6.644 17.072
6.6454 17.071
6.6468 17.071
6.6482 17.07
6.6496 17.069
6.651 17.067
6.6525 17.066
6.6539 17.064
6.6553 17.063
6.6567 17.061
6.6581 17.059
6.6595 17.057
6.6609 17.055
6.6624 17.052
6.6638 17.05
6.6652 17.048
6.6666 17.046
6.668 17.044
6.6694 17.042
6.6708 17.04
6.6723 17.038
6.6737 17.036
6.6751 17.034
6.6765 17.033
6.6779 17.032
6.6793 17.031
6.6807 17.03
6.6822 17.029
6.6836 17.028
6.685 17.028
6.6864 17.027
6.6878 17.027
6.6892 17.027
6.6906 17.027
6.6921 17.026
6.6935 17.026
6.6949 17.026
6.6963 17.026
6.6977 17.026
6.6991 17.026
6.7005 17.025
6.702 17.025
6.7034 17.025
6.7048 17.025
6.7062 17.024
6.7076 17.024
6.709 17.024
6.7104 17.023
6.7119 17.023
6.7133 17.022
6.7147 17.022
6.7161 17.021
6.7175 17.021
6.7189 17.02
6.7203 17.019
6.7218 17.018
6.7232 17.017
6.7246 17.016
6.726 17.015
6.7274 17.014
6.7288 17.012
6.7302 17.011
6.7317 17.009
6.7331 17.008
6.7345 17.006
6.7359 17.004
6.7373 17.002
6.7387 17.001
6.7401 16.999
6.7416 16.997
6.743 16.995
6.7444 16.993
6.7458 16.991
6.7472 16.989
6.7486 16.986
6.75 16.984
6.7515 16.982
6.7529 16.98
6.7543 16.978
6.7557 16.976
6.7571 16.974
6.7585 16.973
6.7599 16.971
6.7614 16.969
6.7628 16.967
6.7642 16.966
6.7656 16.964
6.767 16.962
6.7684 16.961
6.7698 16.96
6.7713 16.958
6.7727 16.957
6.7741 16.956
6.7755 16.955
6.7769 16.953
6.7783 16.953
6.7797 16.952
6.7812 16.951
6.7826 16.95
6.784 16.949
6.7854 16.948
6.7868 16.947
6.7882 16.946
6.7896 16.945
6.7911 16.944
6.7925 16.943
6.7939 16.942
6.7953 16.941
6.7967 16.939
6.7981 16.938
6.7995 16.937
6.801 16.935
6.8024 16.934
6.8038 16.932
6.8052 16.931
6.8066 16.929
6.808 16.927
6.8094 16.925
6.8109 16.924
6.8123 16.922
6.8137 16.92
6.8151 16.918
6.8165 16.915
6.8179 16.913
6.8193 16.911
6.8208 16.908
6.8222 16.906
6.8236 16.903
6.825 16.901
6.8264 16.898
6.8278 16.895
6.8292 16.892
6.8307 16.89
6.8321 16.887
6.8335 16.884
6.8349 16.881
6.8363 16.879
6.8377 16.876
6.8391 16.873
6.8406 16.871
6.842 16.868
6.8434 16.865
6.8448 16.863
6.8462 16.86
6.8476 16.857
6.849 16.854
6.8505 16.852
6.8519 16.849
6.8533 16.846
6.8547 16.842
6.8561 16.839
6.8575 16.836
6.8589 16.833
6.8603 16.83
6.8618 16.826
6.8632 16.823
6.8646 16.82
6.866 16.817
6.8674 16.814
6.8688 16.811
6.8702 16.808
6.8717 16.805
6.8731 16.802
6.8745 16.799
6.8759 16.796
6.8773 16.794
6.8787 16.791
6.8801 16.788
6.8816 16.786
6.883 16.784
6.8844 16.781
6.8858 16.779
6.8872 16.777
6.8886 16.775
6.89 16.773
6.8915 16.771
6.8929 16.769
6.8943 16.767
6.8957 16.765
6.8971 16.763
6.8985 16.761
6.8999 16.759
6.9014 16.757
6.9028 16.755
6.9042 16.753
6.9056 16.751
6.907 16.749
6.9084 16.747
6.9098 16.745
6.9113 16.743
6.9127 16.741
6.9141 16.739
6.9155 16.737
6.9169 16.734
6.9183 16.732
6.9197 16.73
6.9212 16.728
6.9226 16.726
6.924 16.723
6.9254 16.721
6.9268 16.719
6.9282 16.717
6.9296 16.715
6.9311 16.712
6.9325 16.71
6.9339 16.708
6.9353 16.705
6.9367 16.702
6.9381 16.699
6.9395 16.697
6.941 16.693
6.9424 16.69
6.9438 16.687
6.9452 16.684
6.9466 16.68
6.948 16.676
6.9494 16.673
6.9509 16.669
6.9523 16.665
6.9537 16.662
6.9551 16.658
6.9565 16.654
6.9579 16.65
6.9593 16.647
6.9608 16.643
6.9622 16.64
6.9636 16.637
6.965 16.633
6.9664 16.63
6.9678 16.627
6.9692 16.624
6.9707 16.621
6.9721 16.619
6.9735 16.616
6.9749 16.614
6.9763 16.611
6.9777 16.609
6.9791 16.607
6.9806 16.605
6.982 16.603
6.9834 16.601
6.9848 16.599
6.9862 16.598
6.9876 16.596
6.989 16.594
6.9905 16.593
6.9919 16.591
6.9933 16.589
6.9947 16.588
6.9961 16.586
6.9975 16.585
6.9989 16.583
7.0004 16.581
7.0018 16.58
7.0032 16.578
7.0046 16.576
7.006 16.575
7.0074 16.573
7.0088 16.571
7.0103 16.57
7.0117 16.568
7.0131 16.566
7.0145 16.564
7.0159 16.562
7.0173 16.56
7.0187 16.558
7.0202 16.556
7.0216 16.554
7.023 16.552
7.0244 16.55
7.0258 16.548
7.0272 16.547
7.0286 16.545
7.0301 16.543
7.0315 16.541
7.0329 16.539
7.0343 16.537
7.0357 16.536
7.0371 16.534
7.0385 16.532
7.04 16.53
7.0414 16.529
7.0428 16.527
7.0442 16.525
7.0456 16.524
7.047 16.522
7.0484 16.52
7.0499 16.519
7.0513 16.517
7.0527 16.516
7.0541 16.514
7.0555 16.512
7.0569 16.511
7.0583 16.509
7.0598 16.507
7.0612 16.506
7.0626 16.504
7.064 16.502
7.0654 16.5
7.0668 16.498
7.0682 16.496
7.0697 16.494
7.0711 16.491
7.0725 16.489
7.0739 16.487
7.0753 16.485
7.0767 16.482
7.0781 16.48
7.0796 16.478
7.081 16.476
7.0824 16.474
7.0838 16.472
7.0852 16.469
7.0866 16.468
7.088 16.466
7.0895 16.464
7.0909 16.463
7.0923 16.461
7.0937 16.46
7.0951 16.459
7.0965 16.458
7.0979 16.458
7.0994 16.457
7.1008 16.457
7.1022 16.457
7.1036 16.457
7.105 16.457
7.1064 16.458
7.1078 16.459
7.1093 16.46
7.1107 16.461
7.1121 16.462
7.1135 16.463
7.1149 16.465
7.1163 16.466
7.1177 16.468
7.1192 16.47
7.1206 16.472
7.122 16.474
7.1234 16.476
7.1248 16.477
7.1262 16.479
7.1276 16.481
7.1291 16.483
7.1305 16.484
7.1319 16.486
7.1333 16.487
7.1347 16.489
7.1361 16.49
7.1375 16.491
7.139 16.492
7.1404 16.493
7.1418 16.494
7.1432 16.494
7.1446 16.495
7.146 16.495
7.1474 16.495
7.1488 16.495
7.1503 16.494
7.1517 16.494
7.1531 16.494
7.1545 16.493
7.1559 16.492
7.1573 16.492
7.1587 16.491
7.1602 16.491
7.1616 16.49
7.163 16.489
7.1644 16.489
7.1658 16.488
7.1672 16.487
7.1686 16.487
7.1701 16.486
7.1715 16.486
7.1729 16.485
7.1743 16.485
7.1757 16.485
7.1771 16.486
7.1785 16.486
7.18 16.487
7.1814 16.488
7.1828 16.489
7.1842 16.49
7.1856 16.491
7.187 16.493
7.1884 16.495
7.1899 16.496
7.1913 16.498
7.1927 16.5
7.1941 16.503
7.1955 16.505
7.1969 16.507
7.1983 16.51
7.1998 16.513
7.2012 16.515
7.2026 16.518
7.204 16.521
7.2054 16.523
7.2068 16.526
7.2082 16.528
7.2097 16.531
7.2111 16.533
7.2125 16.535
7.2139 16.537
7.2153 16.538
7.2167 16.54
7.2181 16.541
7.2196 16.542
7.221 16.543
7.2224 16.544
7.2238 16.544
7.2252 16.545
7.2266 16.545
7.228 16.544
7.2295 16.544
7.2309 16.543
7.2323 16.541
7.2337 16.54
7.2351 16.538
7.2365 16.536
7.2379 16.533
7.2394 16.531
7.2408 16.528
7.2422 16.526
7.2436 16.523
7.245 16.52
7.2464 16.517
7.2478 16.514
7.2493 16.511
7.2507 16.507
7.2521 16.504
7.2535 16.501
7.2549 16.498
7.2563 16.495
7.2577 16.492
7.2592 16.489
7.2606 16.486
7.262 16.483
7.2634 16.48
7.2648 16.477
7.2662 16.475
7.2676 16.472
7.2691 16.47
7.2705 16.467
7.2719 16.465
7.2733 16.463
7.2747 16.46
7.2761 16.458
7.2775 16.456
7.279 16.453
7.2804 16.451
7.2818 16.448
7.2832 16.446
7.2846 16.443
7.286 16.441
7.2874 16.438
7.2889 16.436
7.2903 16.434
7.2917 16.431
7.2931 16.429
7.2945 16.427
7.2959 16.425
7.2973 16.423
7.2988 16.421
7.3002 16.419
7.3016 16.417
7.303 16.415
7.3044 16.413
7.3058 16.412
7.3072 16.41
7.3087 16.409
7.3101 16.407
7.3115 16.405
7.3129 16.404
7.3143 16.402
7.3157 16.401
7.3171 16.4
7.3186 16.398
7.32 16.397
7.3214 16.395
7.3228 16.394
7.3242 16.392
7.3256 16.391
7.327 16.389
7.3285 16.387
7.3299 16.386
7.3313 16.384
7.3327 16.383
7.3341 16.381
7.3355 16.38
7.3369 16.378
7.3384 16.376
7.3398 16.375
7.3412 16.373
7.3426 16.371
7.344 16.369
7.3454 16.367
7.3468 16.366
7.3483 16.364
7.3497 16.362
7.3511 16.36
7.3525 16.358
7.3539 16.355
7.3553 16.353
7.3567 16.351
7.3582 16.349
7.3596 16.347
7.361 16.345
7.3624 16.342
7.3638 16.34
7.3652 16.338
7.3666 16.335
7.3681 16.333
7.3695 16.331
7.3709 16.328
7.3723 16.326
7.3737 16.323
7.3751 16.321
7.3765 16.318
7.378 16.315
7.3794 16.313
7.3808 16.31
7.3822 16.307
7.3836 16.305
7.385 16.302
7.3864 16.299
7.3879 16.296
7.3893 16.294
7.3907 16.291
7.3921 16.288
7.3935 16.285
7.3949 16.283
7.3963 16.28
7.3978 16.277
7.3992 16.275
7.4006 16.272
7.402 16.27
7.4034 16.268
7.4048 16.265
7.4062 16.263
7.4077 16.261
7.4091 16.259
7.4105 16.258
7.4119 16.256
7.4133 16.254
7.4147 16.253
7.4161 16.251
7.4176 16.249
7.419 16.248
7.4204 16.247
7.4218 16.245
7.4232 16.244
7.4246 16.242
7.426 16.241
7.4274 16.24
7.4289 16.238
7.4303 16.237
7.4317 16.236
7.4331 16.234
7.4345 16.233
7.4359 16.231
7.4373 16.23
7.4388 16.228
7.4402 16.226
7.4416 16.225
7.443 16.223
7.4444 16.221
7.4458 16.219
7.4472 16.217
7.4487 16.215
7.4501 16.213
7.4515 16.211
7.4529 16.209
7.4543 16.207
7.4557 16.205
7.4571 16.203
7.4586 16.2
7.46 16.198
7.4614 16.195
7.4628 16.193
7.4642 16.19
7.4656 16.188
7.467 16.185
7.4685 16.182
7.4699 16.18
7.4713 16.177
7.4727 16.174
7.4741 16.172
7.4755 16.169
7.4769 16.166
7.4784 16.163
7.4798 16.161
7.4812 16.158
7.4826 16.155
7.484 16.153
7.4854 16.15
7.4868 16.147
7.4883 16.145
7.4897 16.142
7.4911 16.14
7.4925 16.137
7.4939 16.135
7.4953 16.133
7.4967 16.13
7.4982 16.128
7.4996 16.126
7.501 16.124
7.5024 16.123
7.5038 16.121
7.5052 16.119
7.5066 16.118
7.5081 16.116
7.5095 16.114
7.5109 16.113
7.5123 16.112
7.5137 16.11
7.5151 16.109
7.5165 16.107
7.518 16.106
7.5194 16.104
7.5208 16.103
7.5222 16.101
7.5236 16.099
7.525 16.098
7.5264 16.096
7.5279 16.094
7.5293 16.092
7.5307 16.09
7.5321 16.088
7.5335 16.086
7.5349 16.083
7.5363 16.081
7.5378 16.078
7.5392 16.075
7.5406 16.073
7.542 16.07
7.5434 16.066
7.5448 16.063
7.5462 16.06
7.5477 16.056
7.5491 16.053
7.5505 16.049
7.5519 16.045
7.5533 16.041
7.5547 16.037
7.5561 16.032
7.5576 16.028
7.559 16.023
7.5604 16.018
7.5618 16.014
7.5632 16.009
7.5646 16.004
7.566 15.998
7.5675 15.993
7.5689 15.988
7.5703 15.983
7.5717 15.977
7.5731 15.972
7.5745 15.966
7.5759 15.96
7.5774 15.955
7.5788 15.949
7.5802 15.943
7.5816 15.938
7.583 15.932
7.5844 15.927
7.5858 15.921
7.5873 15.915
7.5887 15.91
7.5901 15.905
7.5915 15.899
7.5929 15.894
7.5943 15.889
7.5957 15.884
7.5972 15.879
7.5986 15.874
7.6 15.869
7.6014 15.864
7.6028 15.859
7.6042 15.855
7.6056 15.85
7.6071 15.846
7.6085 15.841
7.6099 15.837
7.6113 15.833
7.6127 15.828
7.6141 15.824
7.6155 15.82
7.617 15.816
7.6184 15.812
7.6198 15.808
7.6212 15.804
7.6226 15.8
7.624 15.796
7.6254 15.792
7.6269 15.788
7.6283 15.784
7.6297 15.779
7.6311 15.775
7.6325 15.771
7.6339 15.766
7.6353 15.762
7.6368 15.757
7.6382 15.753
7.6396 15.748
7.641 15.743
7.6424 15.738
7.6438 15.733
7.6452 15.728
7.6467 15.723
7.6481 15.718
7.6495 15.713
7.6509 15.707
7.6523 15.702
7.6537 15.697
7.6551 15.691
7.6566 15.686
7.658 15.68
7.6594 15.675
7.6608 15.67
7.6622 15.664
7.6636 15.658
7.665 15.653
7.6665 15.647
7.6679 15.642
7.6693 15.636
7.6707 15.631
7.6721 15.626
7.6735 15.62
7.6749 15.615
7.6764 15.609
7.6778 15.604
7.6792 15.599
7.6806 15.594
7.682 15.588
7.6834 15.583
7.6848 15.578
7.6863 15.573
7.6877 15.568
7.6891 15.563
7.6905 15.558
7.6919 15.553
7.6933 15.548
7.6947 15.543
7.6962 15.539
7.6976 15.534
7.699 15.529
7.7004 15.524
7.7018 15.52
7.7032 15.515
7.7046 15.511
7.706 15.506
7.7075 15.502
7.7089 15.498
7.7103 15.493
7.7117 15.489
7.7131 15.485
7.7145 15.481
7.7159 15.477
7.7174 15.472
7.7188 15.468
7.7202 15.465
7.7216 15.461
7.723 15.457
7.7244 15.453
7.7258 15.45
7.7273 15.446
7.7287 15.443
7.7301 15.439
7.7315 15.436
7.7329 15.433
7.7343 15.43
7.7357 15.427
7.7372 15.424
7.7386 15.422
7.74 15.419
7.7414 15.417
7.7428 15.414
7.7442 15.412
7.7456 15.41
7.7471 15.407
7.7485 15.405
7.7499 15.403
7.7513 15.401
7.7527 15.399
7.7541 15.397
7.7555 15.396
7.757 15.394
7.7584 15.392
7.7598 15.39
7.7612 15.388
7.7626 15.386
7.764 15.384
7.7654 15.382
7.7669 15.38
7.7683 15.378
7.7697 15.376
7.7711 15.373
7.7725 15.371
7.7739 15.368
7.7753 15.366
7.7768 15.363
7.7782 15.36
7.7796 15.357
7.781 15.354
7.7824 15.351
7.7838 15.347
7.7852 15.344
7.7867 15.341
7.7881 15.337
7.7895 15.333
7.7909 15.33
7.7923 15.326
7.7937 15.322
7.7951 15.318
7.7966 15.315
7.798 15.311
7.7994 15.307
7.8008 15.303
7.8022 15.299
7.8036 15.296
7.805 15.292
7.8065 15.288
7.8079 15.285
7.8093 15.281
7.8107 15.278
7.8121 15.275
7.8135 15.271
7.8149 15.268
7.8164 15.265
7.8178 15.262
7.8192 15.26
7.8206 15.257
7.822 15.254
7.8234 15.252
7.8248 15.25
7.8263 15.247
7.8277 15.245
7.8291 15.243
7.8305 15.241
7.8319 15.239
7.8333 15.238
7.8347 15.236
7.8362 15.234
7.8376 15.233
7.839 15.231
7.8404 15.229
7.8418 15.228
7.8432 15.226
7.8446 15.225
7.8461 15.223
7.8475 15.221
7.8489 15.219
7.8503 15.217
7.8517 15.216
7.8531 15.213
7.8545 15.211
7.856 15.209
7.8574 15.207
7.8588 15.204
7.8602 15.202
7.8616 15.199
7.863 15.196
7.8644 15.193
7.8659 15.19
7.8673 15.186
7.8687 15.183
7.8701 15.179
7.8715 15.175
7.8729 15.171
7.8743 15.167
7.8758 15.163
7.8772 15.159
7.8786 15.154
7.88 15.15
7.8814 15.145
7.8828 15.14
7.8842 15.135
7.8857 15.131
7.8871 15.126
7.8885 15.121
7.8899 15.116
7.8913 15.111
7.8927 15.106
7.8941 15.1
7.8956 15.095
7.897 15.09
7.8984 15.085
7.8998 15.08
7.9012 15.075
7.9026 15.07
7.904 15.066
7.9055 15.061
7.9069 15.056
7.9083 15.051
7.9097 15.047
7.9111 15.042
7.9125 15.038
7.9139 15.033
7.9154 15.029
7.9168 15.025
7.9182 15.021
7.9196 15.017
7.921 15.013
7.9224 15.009
7.9238 15.005
7.9253 15.001
7.9267 14.998
7.9281 14.994
7.9295 14.99
7.9309 14.987
7.9323 14.983
7.9337 14.98
7.9352 14.977
7.9366 14.973
7.938 14.97
7.9394 14.967
7.9408 14.963
7.9422 14.96
7.9436 14.957
7.9451 14.954
7.9465 14.951
7.9479 14.948
7.9493 14.945
7.9507 14.942
7.9521 14.938
7.9535 14.935
7.955 14.932
7.9564 14.929
7.9578 14.926
7.9592 14.923
7.9606 14.92
7.962 14.917
7.9634 14.914
7.9649 14.911
7.9663 14.908
7.9677 14.905
7.9691 14.902
7.9705 14.899
7.9719 14.896
7.9733 14.893
7.9748 14.89
7.9762 14.887
7.9776 14.884
7.979 14.881
7.9804 14.878
7.9818 14.875
7.9832 14.872
7.9846 14.869
7.9861 14.866
7.9875 14.863
7.9889 14.86
7.9903 14.857
7.9917 14.854
7.9931 14.851
7.9945 14.848
7.996 14.845
7.9974 14.842
7.9988 14.839
8.0002 14.835
8.0016 14.832
8.003 14.829
8.0044 14.826
8.0059 14.822
8.0073 14.819
8.0087 14.816
8.0101 14.812
8.0115 14.809
8.0129 14.805
8.0143 14.802
8.0158 14.798
8.0172 14.795
8.0186 14.791
8.02 14.787
8.0214 14.784
8.0228 14.78
8.0242 14.776
8.0257 14.773
8.0271 14.769
8.0285 14.765
8.0299 14.761
8.0313 14.758
8.0327 14.754
8.0341 14.75
8.0356 14.746
8.037 14.743
8.0384 14.739
8.0398 14.736
8.0412 14.732
8.0426 14.729
8.044 14.725
8.0455 14.722
8.0469 14.719
8.0483 14.715
8.0497 14.712
8.0511 14.709
8.0525 14.706
8.0539 14.704
8.0554 14.701
8.0568 14.698
8.0582 14.696
8.0596 14.694
8.061 14.691
8.0624 14.689
8.0638 14.687
8.0653 14.685
8.0667 14.684
8.0681 14.682
8.0695 14.68
8.0709 14.679
8.0723 14.677
8.0737 14.676
8.0752 14.675
8.0766 14.673
8.078 14.672
8.0794 14.671
8.0808 14.67
8.0822 14.669
8.0836 14.668
8.0851 14.667
8.0865 14.666
8.0879 14.664
8.0893 14.663
8.0907 14.662
8.0921 14.661
8.0935 14.66
8.095 14.659
8.0964 14.658
8.0978 14.656
8.0992 14.655
8.1006 14.654
8.102 14.652
8.1034 14.651
8.1049 14.65
8.1063 14.648
8.1077 14.647
8.1091 14.645
8.1105 14.643
8.1119 14.642
8.1133 14.64
8.1148 14.638
8.1162 14.637
8.1176 14.635
8.119 14.633
8.1204 14.631
8.1218 14.629
8.1232 14.627
8.1247 14.625
8.1261 14.624
8.1275 14.622
8.1289 14.62
8.1303 14.618
8.1317 14.616
8.1331 14.614
8.1346 14.612
8.136 14.61
8.1374 14.608
8.1388 14.606
8.1402 14.604
8.1416 14.602
8.143 14.6
8.1445 14.599
8.1459 14.597
8.1473 14.595
8.1487 14.593
8.1501 14.591
8.1515 14.589
8.1529 14.588
8.1544 14.586
8.1558 14.584
8.1572 14.583
8.1586 14.581
8.16 14.579
8.1614 14.578
8.1628 14.576
8.1643 14.575
8.1657 14.573
8.1671 14.572
8.1685 14.57
8.1699 14.568
8.1713 14.567
8.1727 14.565
8.1742 14.564
8.1756 14.562
8.177 14.56
8.1784 14.559
8.1798 14.557
8.1812 14.555
8.1826 14.554
8.1841 14.552
8.1855 14.55
8.1869 14.548
8.1883 14.546
8.1897 14.544
8.1911 14.542
8.1925 14.54
8.194 14.538
8.1954 14.535
8.1968 14.533
8.1982 14.531
8.1996 14.528
8.201 14.526
8.2024 14.523
8.2039 14.52
8.2053 14.518
8.2067 14.515
8.2081 14.512
8.2095 14.509
8.2109 14.506
8.2123 14.503
8.2138 14.5
8.2152 14.497
8.2166 14.494
8.218 14.491
8.2194 14.488
8.2208 14.485
8.2222 14.482
8.2237 14.478
8.2251 14.475
8.2265 14.472
8.2279 14.469
8.2293 14.466
8.2307 14.462
8.2321 14.459
8.2336 14.456
8.235 14.453
8.2364 14.45
8.2378 14.447
8.2392 14.444
8.2406 14.441
8.242 14.438
8.2435 14.435
8.2449 14.432
8.2463 14.429
8.2477 14.427
8.2491 14.424
8.2505 14.421
8.2519 14.418
8.2534 14.416
8.2548 14.413
8.2562 14.411
8.2576 14.408
8.259 14.406
8.2604 14.403
8.2618 14.401
8.2632 14.398
8.2647 14.396
8.2661 14.393
8.2675 14.391
8.2689 14.389
8.2703 14.386
8.2717 14.384
8.2731 14.382
8.2746 14.379
8.276 14.377
8.2774 14.375
8.2788 14.372
8.2802 14.37
8.2816 14.367
8.283 14.365
8.2845 14.363
8.2859 14.36
8.2873 14.358
8.2887 14.356
8.2901 14.353
8.2915 14.351
8.2929 14.348
8.2944 14.346
8.2958 14.343
8.2972 14.341
8.2986 14.339
8.3 14.336
8.3014 14.334
8.3028 14.331
8.3043 14.328
8.3057 14.326
8.3071 14.323
8.3085 14.321
8.3099 14.318
8.3113 14.316
8.3127 14.313
8.3142 14.311
8.3156 14.308
8.317 14.306
8.3184 14.303
8.3198 14.3
8.3212 14.298
8.3226 14.295
8.3241 14.293
8.3255 14.29
8.3269 14.288
8.3283 14.286
8.3297 14.283
8.3311 14.281
8.3325 14.278
8.334 14.276
8.3354 14.274
8.3368 14.271
8.3382 14.269
8.3396 14.266
8.341 14.264
8.3424 14.262
8.3439 14.259
8.3453 14.257
8.3467 14.255
8.3481 14.253
8.3495 14.25
8.3509 14.248
8.3523 14.246
8.3538 14.243
8.3552 14.241
8.3566 14.239
8.358 14.236
8.3594 14.234
8.3608 14.232
8.3622 14.229
8.3637 14.227
8.3651 14.225
8.3665 14.222
8.3679 14.22
8.3693 14.218
8.3707 14.215
8.3721 14.213
8.3736 14.21
8.375 14.208
8.3764 14.206
8.3778 14.204
8.3792 14.201
8.3806 14.199
8.382 14.197
8.3835 14.195
8.3849 14.193
8.3863 14.191
8.3877 14.189
8.3891 14.187
8.3905 14.185
8.3919 14.183
8.3934 14.181
8.3948 14.18
8.3962 14.178
8.3976 14.176
8.399 14.175
8.4004 14.174
8.4018 14.172
8.4033 14.171
8.4047 14.17
8.4061 14.169
8.4075 14.168
8.4089 14.167
8.4103 14.166
8.4117 14.165
8.4132 14.164
8.4146 14.164
8.416 14.163
8.4174 14.162
8.4188 14.162
8.4202 14.161
8.4216 14.161
8.4231 14.16
8.4245 14.16
8.4259 14.159
8.4273 14.159
8.4287 14.158
8.4301 14.158
8.4315 14.157
8.433 14.156
8.4344 14.156
8.4358 14.155
8.4372 14.154
8.4386 14.153
8.44 14.153
8.4414 14.152
8.4429 14.151
8.4443 14.149
8.4457 14.148
8.4471 14.147
8.4485 14.145
8.4499 14.144
8.4513 14.142
8.4528 14.14
8.4542 14.139
8.4556 14.137
8.457 14.135
8.4584 14.133
8.4598 14.131
8.4612 14.129
8.4627 14.126
8.4641 14.124
8.4655 14.122
8.4669 14.12
8.4683 14.117
8.4697 14.115
8.4711 14.113
8.4726 14.11
8.474 14.108
8.4754 14.106
8.4768 14.103
8.4782 14.101
8.4796 14.099
8.481 14.097
8.4825 14.095
8.4839 14.093
8.4853 14.091
8.4867 14.089
8.4881 14.087
8.4895 14.085
8.4909 14.084
8.4924 14.082
8.4938 14.08
8.4952 14.079
8.4966 14.077
8.498 14.076
8.4994 14.074
8.5008 14.073
8.5023 14.071
8.5037 14.07
8.5051 14.068
8.5065 14.067
8.5079 14.065
8.5093 14.064
8.5107 14.062
8.5122 14.061
8.5136 14.059
8.515 14.057
8.5164 14.056
8.5178 14.054
8.5192 14.052
8.5206 14.05
8.5221 14.048
8.5235 14.046
8.5249 14.044
8.5263 14.042
8.5277 14.039
8.5291 14.037
8.5305 14.034
8.532 14.031
8.5334 14.028
8.5348 14.026
8.5362 14.023
8.5376 14.02
8.539 14.016
8.5404 14.013
8.5418 14.01
8.5433 14.006
8.5447 14.003
8.5461 14
8.5475 13.996
8.5489 13.992
8.5503 13.989
8.5517 13.985
8.5532 13.982
8.5546 13.978
8.556 13.974
8.5574 13.971
8.5588 13.967
8.5602 13.964
8.5616 13.96
8.5631 13.956
8.5645 13.953
8.5659 13.95
8.5673 13.946
8.5687 13.943
8.5701 13.94
8.5715 13.936
8.573 13.933
8.5744 13.93
8.5758 13.927
8.5772 13.924
8.5786 13.921
8.58 13.919
8.5814 13.916
8.5829 13.913
8.5843 13.911
8.5857 13.908
8.5871 13.906
8.5885 13.903
8.5899 13.901
8.5913 13.899
8.5928 13.897
8.5942 13.895
8.5956 13.893
8.597 13.891
8.5984 13.889
8.5998 13.887
8.6012 13.885
8.6027 13.883
8.6041 13.881
8.6055 13.879
8.6069 13.877
8.6083 13.875
8.6097 13.874
8.6111 13.872
8.6126 13.87
8.614 13.868
8.6154 13.866
8.6168 13.864
8.6182 13.862
8.6196 13.861
8.621 13.859
8.6225 13.857
8.6239 13.855
8.6253 13.853
8.6267 13.851
8.6281 13.849
8.6295 13.846
8.6309 13.844
8.6324 13.842
8.6338 13.84
8.6352 13.837
8.6366 13.835
8.638 13.833
8.6394 13.83
8.6408 13.828
8.6423 13.826
8.6437 13.823
8.6451 13.821
8.6465 13.818
8.6479 13.816
8.6493 13.813
8.6507 13.811
8.6522 13.808
8.6536 13.806
8.655 13.804
8.6564 13.801
8.6578 13.799
8.6592 13.796
8.6606 13.794
8.6621 13.792
8.6635 13.789
8.6649 13.787
8.6663 13.785
8.6677 13.783
8.6691 13.78
8.6705 13.778
8.672 13.776
8.6734 13.774
8.6748 13.772
8.6762 13.77
8.6776 13.767
8.679 13.765
8.6804 13.763
8.6819 13.761
8.6833 13.759
8.6847 13.757
8.6861 13.755
8.6875 13.753
8.6889 13.751
8.6903 13.749
8.6918 13.747
8.6932 13.745
8.6946 13.742
8.696 13.74
8.6974 13.738
8.6988 13.736
8.7002 13.734
8.7017 13.732
8.7031 13.73
8.7045 13.728
8.7059 13.725
8.7073 13.723
8.7087 13.721
8.7101 13.719
8.7116 13.717
8.713 13.715
8.7144 13.713
8.7158 13.711
8.7172 13.709
8.7186 13.707
8.72 13.705
8.7215 13.703
8.7229 13.701
8.7243 13.699
8.7257 13.697
8.7271 13.695
8.7285 13.694
8.7299 13.692
8.7314 13.691
8.7328 13.689
8.7342 13.688
8.7356 13.686
8.737 13.685
8.7384 13.684
8.7398 13.683
8.7413 13.681
8.7427 13.68
8.7441 13.679
8.7455 13.679
8.7469 13.678
8.7483 13.677
8.7497 13.676
8.7512 13.675
8.7526 13.675
8.754 13.674
8.7554 13.673
8.7568 13.673
8.7582 13.672
8.7596 13.672
8.7611 13.671
8.7625 13.67
8.7639 13.67
8.7653 13.669
8.7667 13.669
8.7681 13.668
8.7695 13.668
8.771 13.667
8.7724 13.666
8.7738 13.666
8.7752 13.665
8.7766 13.664
8.778 13.663
8.7794 13.662
8.7809 13.661
8.7823 13.66
8.7837 13.659
8.7851 13.658
8.7865 13.657
8.7879 13.656
8.7893 13.655
8.7908 13.654
8.7922 13.652
8.7936 13.651
8.795 13.65
8.7964 13.648
8.7978 13.647
8.7992 13.645
8.8007 13.644
8.8021 13.642
8.8035 13.641
8.8049 13.639
8.8063 13.638
8.8077 13.636
8.8091 13.635
8.8106 13.633
8.812 13.632
8.8134 13.63
8.8148 13.629
8.8162 13.628
8.8176 13.626
8.819 13.625
8.8204 13.624
8.8219 13.622
8.8233 13.621
8.8247 13.62
8.8261 13.619
8.8275 13.617
8.8289 13.616
8.8303 13.615
8.8318 13.614
8.8332 13.613
8.8346 13.612
8.836 13.612
8.8374 13.611
8.8388 13.61
8.8402 13.609
8.8417 13.608
8.8431 13.607
8.8445 13.607
8.8459 13.606
8.8473 13.605
8.8487 13.604
8.8501 13.604
8.8516 13.603
8.853 13.602
8.8544 13.601
8.8558 13.6
8.8572 13.6
8.8586 13.599
8.86 13.598
8.8615 13.597
8.8629 13.596
8.8643 13.595
8.8657 13.594
8.8671 13.593
8.8685 13.592
8.8699 13.591
8.8714 13.589
8.8728 13.588
8.8742 13.587
8.8756 13.585
8.877 13.584
8.8784 13.582
8.8798 13.581
8.8813 13.579
8.8827 13.577
8.8841 13.576
8.8855 13.574
8.8869 13.572
8.8883 13.57
8.8897 13.568
8.8912 13.566
8.8926 13.564
8.894 13.562
8.8954 13.56
8.8968 13.558
8.8982 13.556
8.8996 13.554
8.9011 13.552
8.9025 13.55
8.9039 13.548
8.9053 13.546
8.9067 13.544
8.9081 13.542
8.9095 13.54
8.911 13.538
8.9124 13.536
8.9138 13.534
8.9152 13.532
8.9166 13.53
8.918 13.529
8.9194 13.527
8.9209 13.525
8.9223 13.524
8.9237 13.522
8.9251 13.521
8.9265 13.52
8.9279 13.518
8.9293 13.517
8.9308 13.516
8.9322 13.515
8.9336 13.514
8.935 13.513
8.9364 13.512
8.9378 13.512
8.9392 13.511
8.9407 13.51
8.9421 13.51
8.9435 13.509
8.9449 13.509
8.9463 13.508
8.9477 13.508
8.9491 13.508
8.9506 13.507
8.952 13.507
8.9534 13.507
8.9548 13.506
8.9562 13.506
8.9576 13.506
8.959 13.505
8.9605 13.505
8.9619 13.505
8.9633 13.505
8.9647 13.504
8.9661 13.504
8.9675 13.504
8.9689 13.503
8.9704 13.503
8.9718 13.503
8.9732 13.502
8.9746 13.502
8.976 13.501
8.9774 13.501
8.9788 13.5
8.9803 13.5
8.9817 13.499
8.9831 13.498
8.9845 13.498
8.9859 13.497
8.9873 13.496
8.9887 13.496
8.9902 13.495
8.9916 13.494
8.993 13.493
8.9944 13.493
8.9958 13.492
8.9972 13.491
8.9986 13.49
