0 0
0.0014142 0
0.0028284 0
0.0042426 0
0.0056569 0
0.0070711 0
0.0084853 0
0.0098995 0
0.011314 0
0.012728 0
0.014142 0
0.015556 0
0.016971 0
0.018385 0
0.019799 0
0.021213 0
0.022627 0
0.024042 0
0.025456 0
0.02687 0
0.028284 0
0.029698 0
0.031113 0
0.032527 0
0.033941 0
0.035355 0
0.03677 0
0.038184 0
0.039598 0
0.041012 0
0.042426 0
0.043841 0
0.045255 0
0.046669 0
0.048083 0
0.049497 0
0.050912 0
0.052326 0
0.05374 0
0.055154 0
0.056569 0
0.057983 0
0.059397 0
0.060811 0
0.062225 0
0.06364 0
0.065054 0
0.066468 0
0.067882 0
0.069296 0
0.070711 0
0.072125 0
0.073539 0
0.074953 0
0.076368 0
0.077782 0
0.079196 0
0.08061 0
0.082024 0
0.083439 0
0.084853 0
0.086267 0
0.087681 0
0.089095 0
0.09051 0
0.091924 0
0.093338 0
0.094752 0
0.096167 0
0.097581 0
0.098995 0
0.10041 0
0.10182 0
0.10324 0
0.10465 0
0.10607 0
0.10748 0
0.10889 0
0.11031 0
0.11172 0
0.11314 0
0.11455 0
0.11597 0
0.11738 0
0.11879 0
0.12021 0
0.12162 0
0.12304 0
0.12445 0
0.12587 0
0.12728 0
0.12869 0
0.13011 0
0.13152 0
0.13294 0
0.13435 0
0.13576 0
0.13718 0
0.13859 0
0.14001 0
0.14142 0
0.14284 0
0.14425 0
0.14566 0
0.14708 0
0.14849 0
0.14991 0
0.15132 0
0.15274 0
0.15415 0
0.15556 0
0.15698 0
0.15839 0
0.15981 0
0.16122 0
0.16263 0
0.16405 0
0.16546 0
0.16688 0
0.16829 0
0.16971 0
0.17112 0
0.17253 0
0.17395 0
0.17536 0
0.17678 0
0.17819 0
0.17961 0
0.18102 0
0.18243 0
0.18385 0
0.18526 0
0.18668 0
0.18809 0
0.1895 0
0.19092 0
0.19233 0
0.19375 0
0.19516 0
0.19658 0
0.19799 0
0.1994 0
0.20082 0
0.20223 0
0.20365 0
0.20506 0
0.20648 0
0.20789 0
0.2093 0
0.21072 0
0.21213 0
0.21355 0
0.21496 0
0.21637 0
0.21779 0
0.2192 0
0.22062 0
0.22203 0
0.22345 0
0.22486 0
0.22627 0
0.22769 0
0.2291 0
0.23052 0
0.23193 0
0.23335 0
0.23476 0
0.23617 0
0.23759 0
0.239 0
0.24042 0
0.24183 0
0.24324 0
0.24466 0
0.24607 0
0.24749 0
0.2489 0
0.25032 0
0.25173 0
0.25314 0
0.25456 0
0.25597 0
0.25739 0
0.2588 0
0.26022 0
0.26163 0
0.26304 0
0.26446 0
0.26587 0
0.26729 0
0.2687 0
0.27011 0
0.27153 0
0.27294 0
0.27436 0
0.27577 0
0.27719 0
0.2786 0
0.28001 0
0.28143 0
0.28284 0
0.28426 0
0.28567 0
0.28709 0
0.2885 0
0.28991 0
0.29133 0
0.29274 0
0.29416 0
0.29557 0
0.29698 0
0.2984 0
0.29981 0
0.30123 0
0.30264 0
0.30406 0
0.30547 0
0.30688 0
0.3083 0
0.30971 0
0.31113 0
0.31254 0
0.31396 0
0.31537 0
0.31678 0
0.3182 0
0.31961 0
0.32103 0
0.32244 0
0.32385 0
0.32527 0
0.32668 0
0.3281 0
0.32951 0
0.33093 0
0.33234 0
0.33375 0
0.33517 0
0.33658 0
0.338 0
0.33941 0
0.34083 0
0.34224 0
0.34365 0
0.34507 0
0.34648 0
0.3479 0
0.34931 0
0.35072 0
0.35214 0
0.35355 0
0.35497 0
0.35638 0
0.3578 0
0.35921 0
0.36062 0
0.36204 0
0.36345 0
0.36487 0
0.36628 0
0.3677 0
0.36911 0
0.37052 0
0.37194 0
0.37335 0
0.37477 0
0.37618 0
0.3776 0
0.37901 0
0.38042 0
0.38184 0
0.38325 0
0.38467 0
0.38608 0
0.38749 0
0.38891 0
0.39032 0
0.39174 0
0.39315 0
0.39457 0
0.39598 0
0.39739 0
0.39881 0
0.40022 0
0.40164 0
0.40305 0
0.40447 0
0.40588 0
0.40729 0
0.40871 0
0.41012 0
0.41154 0
0.41295 0
0.41436 0
0.41578 0
0.41719 0
0.41861 0
0.42002 0
0.42144 0
0.42285 0
0.42426 0
0.42568 0
0.42709 0
0.42851 0
0.42992 0
0.43134 0
0.43275 0
0.43416 0
0.43558 0
0.43699 0
0.43841 0
0.43982 0
0.44123 0
0.44265 0
0.44406 0
0.44548 0
0.44689 0
0.44831 0
0.44972 0
0.45113 0
0.45255 0
0.45396 0
0.45538 0
0.45679 0
0.45821 0
0.45962 0
0.46103 0
0.46245 0
0.46386 0
0.46528 0
0.46669 0
0.4681 0
0.46952 0
0.47093 0
0.47235 0
0.47376 0
0.47518 0
0.47659 0
0.478 0
0.47942 0
0.48083 0
0.48225 0
0.48366 0
0.48508 0
0.48649 0
0.4879 0
0.48932 0
0.49073 0
0.49215 0
0.49356 0
0.49497 0
0.49639 0
0.4978 0
0.49922 0
0.50063 0
0.50205 0
0.50346 0
0.50487 0
0.50629 0
0.5077 0
0.50912 0
0.51053 0
0.51195 0
0.51336 0
0.51477 0
0.51619 0
0.5176 0
0.51902 0
0.52043 0
0.52184 0
0.52326 0
0.52467 0
0.52609 0
0.5275 0
0.52892 0
0.53033 0
0.53174 0
0.53316 0
0.53457 0
0.53599 0
0.5374 0
0.53882 0
0.54023 0
0.54164 0
0.54306 0
0.54447 0
0.54589 0
0.5473 0
0.54871 0
0.55013 0
0.55154 0
0.55296 0
0.55437 0
0.55579 0
0.5572 0
0.55861 0
0.56003 0
0.56144 0
0.56286 0
0.56427 0
0.56569 0
0.5671 0
0.56851 0
0.56993 0
0.57134 0
0.57276 0
0.57417 0
0.57558 0
0.577 0
0.57841 0
0.57983 0
0.58124 0
0.58266 0
0.58407 0
0.58548 0
0.5869 0
0.58831 0
0.58973 0
0.59114 0
0.59256 0
0.59397 0
0.59538 0
0.5968 0
0.59821 0
0.59963 0
0.60104 0
0.60245 0
0.60387 0
0.60528 0
0.6067 0
0.60811 0
0.60953 0
0.61094 0
0.61235 0
0.61377 0
0.61518 0
0.6166 0
0.61801 0
0.61943 0
0.62084 0
0.62225 0
0.62367 0
0.62508 0
0.6265 0
0.62791 0
0.62933 0
0.63074 0
0.63215 0
0.63357 0
0.63498 0
0.6364 0
0.63781 0
0.63922 0
0.64064 0
0.64205 0
0.64347 0
0.64488 0
0.6463 0
0.64771 0
0.64912 0
0.65054 0
0.65195 0
0.65337 0
0.65478 0
0.6562 0
0.65761 0
0.65902 0
0.66044 0
0.66185 0
0.66327 0
0.66468 0
0.66609 0
0.66751 0
0.66892 0
0.67034 0
0.67175 0
0.67317 0
0.67458 0
0.67599 0
0.67741 0
0.67882 0
0.68024 0
0.68165 0
0.68307 0
0.68448 0
0.68589 0
0.68731 0
0.68872 0
0.69014 0
0.69155 0
0.69296 0
0.69438 0
0.69579 0
0.69721 0
0.69862 0
0.70004 0
0.70145 0
0.70286 0
0.70428 0
0.70569 0
0.70711 0
0.70852 0
0.70994 0
0.71135 0
0.71276 0
0.71418 0
0.71559 0
0.71701 0
0.71842 0
0.71983 0
0.72125 0
0.72266 0
0.72408 0
0.72549 0
0.72691 0
0.72832 0
0.72973 0
0.73115 0
0.73256 0
0.73398 0
0.73539 0
0.73681 0
0.73822 0
0.73963 0
0.74105 0
0.74246 0
0.74388 0
0.74529 0
0.7467 0
0.74812 0
0.74953 0
0.75095 0
0.75236 0
0.75378 0
0.75519 0
0.7566 0
0.75802 0
0.75943 0
0.76085 0
0.76226 0
0.76368 0
0.76509 0
0.7665 0
0.76792 0
0.76933 0
0.77075 0
0.77216 0
0.77357 0
0.77499 0
0.7764 0
0.77782 0
0.77923 0
0.78065 0
0.78206 0
0.78347 0
0.78489 0
0.7863 0
0.78772 0
0.78913 0
0.79055 0
0.79196 0
0.79337 0
0.79479 0
0.7962 0
0.79762 0
0.79903 0
0.80044 0
0.80186 0
0.80327 0
0.80469 0
0.8061 0
0.80752 0
0.80893 0
0.81034 0
0.81176 0
0.81317 0
0.81459 0
0.816 0
0.81742 0
0.81883 0
0.82024 0
0.82166 0
0.82307 0
0.82449 0
0.8259 0
0.82731 0
0.82873 0
0.83014 0
0.83156 0
0.83297 0
0.83439 0
0.8358 0
0.83721 0
0.83863 0
0.84004 0
0.84146 0
0.84287 0
0.84429 0
0.8457 0
0.84711 0
0.84853 0
0.84994 0
0.85136 0
0.85277 0
0.85418 0
0.8556 0
0.85701 0
0.85843 0
0.85984 0
0.86126 0
0.86267 0
0.86408 0
0.8655 0
0.86691 0
0.86833 0
0.86974 0
0.87116 0
0.87257 0
0.87398 0
0.8754 0
0.87681 0
0.87823 0
0.87964 0
0.88106 0
0.88247 0
0.88388 0
0.8853 0
0.88671 0
0.88813 0
0.88954 0
0.89095 0
0.89237 0
0.89378 0
0.8952 0
0.89661 0
0.89803 0
0.89944 0
0.90085 0
0.90227 0
0.90368 0
0.9051 0
0.90651 0
0.90793 0
0.90934 0
0.91075 0
0.91217 0
0.91358 0
0.915 0
0.91641 0
0.91782 0
0.91924 0
0.92065 0
0.92207 0
0.92348 0
0.9249 0
0.92631 0
0.92772 0
0.92914 0
0.93055 0
0.93197 0
0.93338 0
0.9348 0
0.93621 0
0.93762 0
0.93904 0
0.94045 0
0.94187 0
0.94328 0
0.94469 0
0.94611 0
0.94752 0
0.94894 0
0.95035 0
0.95177 0
0.95318 0
0.95459 0
0.95601 0
0.95742 0
0.95884 0
0.96025 0
0.96167 0
0.96308 0
0.96449 0
0.96591 0
0.96732 0
0.96874 0
0.97015 0
0.97156 0
0.97298 0
0.97439 0
0.97581 0
0.97722 0
0.97864 0
0.98005 0
0.98146 0
0.98288 0
0.98429 0
0.98571 0
0.98712 0
0.98854 0
0.98995 0
0.99136 0
0.99278 0
0.99419 0
0.99561 0
0.99702 0
0.99843 0
0.99985 0
1.0013 0
1.0027 0
1.0041 0
1.0055 0
1.0069 0
1.0083 0
1.0097 0
1.0112 0
1.0126 0
1.014 0
1.0154 0
1.0168 0
1.0182 0
1.0196 0
1.0211 0
1.0225 0
1.0239 0
1.0253 0
1.0267 0
1.0281 0
1.0295 0
1.031 0
1.0324 0
1.0338 0
1.0352 0
1.0366 0
1.038 0
1.0394 0
1.0409 0
1.0423 0
1.0437 0
1.0451 0
1.0465 0
1.0479 0
1.0493 0
1.0508 0
1.0522 0
1.0536 0
1.055 0
1.0564 0
1.0578 0
1.0592 0
1.0607 0
1.0621 0
1.0635 0
1.0649 0
1.0663 0
1.0677 0
1.0691 0
1.0706 0
1.072 0
1.0734 0
1.0748 0
1.0762 0
1.0776 0
1.079 0
1.0805 0
1.0819 0
1.0833 0
1.0847 0
1.0861 0
1.0875 0
1.0889 0
1.0904 0
1.0918 0
1.0932 0
1.0946 0
1.096 0
1.0974 0
1.0988 0
1.1003 0
1.1017 0
1.1031 0
1.1045 0
1.1059 0
1.1073 0
1.1087 0
1.1102 0
1.1116 0
1.113 0
1.1144 0
1.1158 0
1.1172 0
1.1186 0
1.1201 0
1.1215 0
1.1229 0
1.1243 0
1.1257 0
1.1271 0
1.1285 0
1.13 0
1.1314 0
1.1328 0
1.1342 0
1.1356 0
1.137 0
1.1384 0
1.1399 0
1.1413 0
1.1427 0
1.1441 0
1.1455 0
1.1469 0
1.1483 0
1.1498 0
1.1512 0
1.1526 0
1.154 0
1.1554 0
1.1568 0
1.1582 0
1.1597 0
1.1611 0
1.1625 0
1.1639 0
1.1653 0
1.1667 0
1.1681 0
1.1696 0
1.171 0
1.1724 0
1.1738 0
1.1752 0
1.1766 0
1.178 0
1.1795 0
1.1809 0
1.1823 0
1.1837 0
1.1851 0
1.1865 0
1.1879 0
1.1894 0
1.1908 0
1.1922 0
1.1936 0
1.195 0
1.1964 0
1.1978 0
1.1993 0
1.2007 0
1.2021 0
1.2035 0
1.2049 0
1.2063 0
1.2077 0
1.2092 0
1.2106 0
1.212 0
1.2134 0
1.2148 0
1.2162 0
1.2176 0
1.2191 0
1.2205 0
1.2219 0
1.2233 0
1.2247 0
1.2261 0
1.2275 0
1.229 0
1.2304 0
1.2318 0
1.2332 0
1.2346 0
1.236 0
1.2374 0
1.2389 0
1.2403 0
1.2417 0
1.2431 0
1.2445 0
1.2459 0
1.2473 0
1.2488 0
1.2502 0
1.2516 0
1.253 0
1.2544 0
1.2558 0
1.2572 0
1.2587 0
1.2601 0
1.2615 0
1.2629 0
1.2643 0
1.2657 0
1.2671 0
1.2685 0
1.27 0
1.2714 0
1.2728 0
1.2742 0
1.2756 0
1.277 0
1.2784 0
1.2799 0
1.2813 0
1.2827 0
1.2841 0
1.2855 0
1.2869 0
1.2883 0
1.2898 0
1.2912 0
1.2926 0
1.294 0
1.2954 0
1.2968 0
1.2982 0
1.2997 0
1.3011 0
1.3025 0
1.3039 0
1.3053 0
1.3067 0
1.3081 0
1.3096 0
1.311 0
1.3124 0
1.3138 0
1.3152 0
1.3166 0
1.318 0
1.3195 0
1.3209 0
1.3223 0
1.3237 0
1.3251 0
1.3265 0
1.3279 0
1.3294 0
1.3308 0
1.3322 0
1.3336 0
1.335 0
1.3364 0
1.3378 0
1.3393 0
1.3407 0
1.3421 0
1.3435 0
1.3449 0
1.3463 0
1.3477 0
1.3492 0
1.3506 0
1.352 0
1.3534 0
1.3548 0
1.3562 0
1.3576 0
1.3591 0
1.3605 0
1.3619 0
1.3633 0
1.3647 0
1.3661 0
1.3675 0
1.369 0
1.3704 0
1.3718 0
1.3732 0
1.3746 0
1.376 0
1.3774 0
1.3789 0
1.3803 0
1.3817 0
1.3831 0
1.3845 0
1.3859 0
1.3873 0
1.3888 0
1.3902 0
1.3916 0
1.393 0
1.3944 0
1.3958 0
1.3972 0
1.3987 0
1.4001 0
1.4015 0
1.4029 0
1.4043 0
1.4057 0
1.4071 0
1.4086 0
1.41 0
1.4114 0
1.4128 0
1.4142 0
1.4156 0
1.417 0
1.4185 0
1.4199 0
1.4213 0
1.4227 0
1.4241 0
1.4255 0
1.4269 0
1.4284 0
1.4298 0
1.4312 0
1.4326 0
1.434 0
1.4354 0
1.4368 0
1.4383 0
1.4397 0
1.4411 0
1.4425 0
1.4439 0
1.4453 0
1.4467 0
1.4482 0
1.4496 0
1.451 0
1.4524 0
1.4538 0
1.4552 0
1.4566 0
1.4581 0
1.4595 0
1.4609 0
1.4623 0
1.4637 0
1.4651 0
1.4665 0
1.468 0
1.4694 0
1.4708 0
1.4722 0
1.4736 0
1.475 0
1.4764 0
1.4779 0
1.4793 0
1.4807 0
1.4821 0
1.4835 0
1.4849 0
1.4863 0
1.4878 0
1.4892 0
1.4906 0
1.492 0
1.4934 0
1.4948 0
1.4962 0
1.4977 0
1.4991 0
1.5005 0
1.5019 0
1.5033 0
1.5047 0
1.5061 0
1.5076 0
1.509 0
1.5104 0
1.5118 0
1.5132 0
1.5146 0
1.516 0
1.5175 0
1.5189 0
1.5203 0
1.5217 0
1.5231 0
1.5245 0
1.5259 0
1.5274 0
1.5288 0
1.5302 0
1.5316 0
1.533 0
1.5344 0
1.5358 0
1.5373 0
1.5387 0
1.5401 0
1.5415 0
1.5429 0
1.5443 0
1.5457 0
1.5471 0
1.5486 0
1.55 0
1.5514 0
1.5528 0
1.5542 0
1.5556 0
1.557 0
1.5585 0
1.5599 0
1.5613 0
1.5627 0
1.5641 0
1.5655 0
1.5669 0
1.5684 0
1.5698 0
1.5712 0
1.5726 0
1.574 0
1.5754 0
1.5768 0
1.5783 0
1.5797 0
1.5811 0
1.5825 0
1.5839 0
1.5853 0
1.5867 0
1.5882 0
1.5896 0
1.591 0
1.5924 0
1.5938 0
1.5952 0
1.5966 0
1.5981 0
1.5995 0
1.6009 0
1.6023 0
1.6037 0
1.6051 0
1.6065 0
1.608 0
1.6094 0
1.6108 0
1.6122 0
1.6136 0
1.615 0
1.6164 0
1.6179 0
1.6193 0
1.6207 0
1.6221 0
1.6235 0
1.6249 0
1.6263 0
1.6278 0
1.6292 0
1.6306 0
1.632 0
1.6334 0
1.6348 0
1.6362 0
1.6377 0
1.6391 0
1.6405 0
1.6419 0
1.6433 0
1.6447 0
1.6461 0
1.6476 0
1.649 0
1.6504 0
1.6518 0
1.6532 0
1.6546 0
1.656 0
1.6575 0
1.6589 0
1.6603 0
1.6617 0
1.6631 0
1.6645 0
1.6659 0
1.6674 0
1.6688 0
1.6702 0
1.6716 0
1.673 0
1.6744 0
1.6758 0
1.6773 0
1.6787 0
1.6801 0
1.6815 0
1.6829 0
1.6843 0
1.6857 0
1.6872 0
1.6886 0
1.69 0
1.6914 0
1.6928 0
1.6942 0
1.6956 0
1.6971 0
1.6985 0
1.6999 0
1.7013 0
1.7027 0
1.7041 0
1.7055 0
1.707 0
1.7084 0
1.7098 0
1.7112 0
1.7126 0
1.714 0
1.7154 0
1.7169 0
1.7183 0
1.7197 0
1.7211 0
1.7225 0
1.7239 0
1.7253 0
1.7268 0
1.7282 0
1.7296 0
1.731 0
1.7324 0
1.7338 0
1.7352 0
1.7367 0
1.7381 0
1.7395 0
1.7409 0
1.7423 0
1.7437 0
1.7451 0
1.7466 0
1.748 0
1.7494 0
1.7508 0
1.7522 0
1.7536 0
1.755 0
1.7565 0
1.7579 0
1.7593 0
1.7607 0
1.7621 0
1.7635 0
1.7649 0
1.7664 0
1.7678 0
1.7692 0
1.7706 0
1.772 0
1.7734 0
1.7748 0
1.7763 0
1.7777 0
1.7791 0
1.7805 0
1.7819 0
1.7833 0
1.7847 0
1.7862 0
1.7876 0
1.789 0
1.7904 0
1.7918 0
1.7932 0
1.7946 0
1.7961 0
1.7975 0
1.7989 0
1.8003 0
1.8017 0
1.8031 0
1.8045 0
1.806 0
1.8074 0
1.8088 0
1.8102 0
1.8116 0
1.813 0
1.8144 0
1.8159 0
1.8173 0
1.8187 0
1.8201 0
1.8215 0
1.8229 0
1.8243 0
1.8257 0
1.8272 0
1.8286 0
1.83 0
1.8314 0
1.8328 0
1.8342 0
1.8356 0
1.8371 0
1.8385 0
1.8399 0
1.8413 0
1.8427 0
1.8441 0
1.8455 0
1.847 0
1.8484 0
1.8498 0
1.8512 0
1.8526 0
1.854 0
1.8554 0
1.8569 0
1.8583 0
1.8597 0
1.8611 0
1.8625 0
1.8639 0
1.8653 0
1.8668 0
1.8682 0
1.8696 0
1.871 0
1.8724 0
1.8738 0
1.8752 0
1.8767 0
1.8781 0
1.8795 0
1.8809 0
1.8823 0
1.8837 0
1.8851 0
1.8866 0
1.888 0
1.8894 0
1.8908 0
1.8922 0
1.8936 0
1.895 0
1.8965 0
1.8979 0
1.8993 0
1.9007 0
1.9021 0
1.9035 0
1.9049 0
1.9064 0
1.9078 0
1.9092 0
1.9106 0
1.912 0
1.9134 0
1.9148 0
1.9163 0
1.9177 0
1.9191 0
1.9205 0
1.9219 0
1.9233 0
1.9247 0
1.9262 0
1.9276 0
1.929 0
1.9304 0
1.9318 0
1.9332 0
1.9346 0
1.9361 0
1.9375 0
1.9389 0
1.9403 0
1.9417 0
1.9431 0
1.9445 0
1.946 0
1.9474 0
1.9488 0
1.9502 0
1.9516 0
1.953 0
1.9544 0
1.9559 0
1.9573 0
1.9587 0
1.9601 0
1.9615 0
1.9629 0
1.9643 0
1.9658 0
1.9672 0
1.9686 0
1.97 0
1.9714 0
1.9728 0
1.9742 0
1.9757 0
1.9771 0
1.9785 0
1.9799 0
1.9813 0
1.9827 0
1.9841 0
1.9856 0
1.987 0
1.9884 0
1.9898 0
1.9912 0
1.9926 0
1.994 0
1.9955 0
1.9969 0
1.9983 0
1.9997 0
2.0011 0
2.0025 0
2.0039 0
2.0054 0
2.0068 0
2.0082 0
2.0096 0
2.011 0
2.0124 0
2.0138 0
2.0153 0
2.0167 0
2.0181 0
2.0195 0
2.0209 0
2.0223 0
2.0237 0
2.0252 0
2.0266 0
2.028 0
2.0294 0
2.0308 0
2.0322 0
2.0336 0
2.0351 0
2.0365 0
2.0379 0
2.0393 0
2.0407 0
2.0421 0
2.0435 0
2.045 0
2.0464 0
2.0478 0
2.0492 0
2.0506 0
2.052 0
2.0534 0
2.0549 0
2.0563 0
2.0577 0
2.0591 0
2.0605 0
2.0619 0
2.0633 0
2.0648 0
2.0662 0
2.0676 0
2.069 0
2.0704 0
2.0718 0
2.0732 0
2.0747 0
2.0761 0
2.0775 0
2.0789 0
2.0803 0
2.0817 0
2.0831 0
2.0846 0
2.086 0
2.0874 0
2.0888 0
2.0902 0
2.0916 0
2.093 0
2.0945 0
2.0959 0
2.0973 0
2.0987 0
2.1001 0
2.1015 0
2.1029 0
2.1043 0
2.1058 0
2.1072 0
2.1086 0
2.11 0
2.1114 0
2.1128 0
2.1142 0
2.1157 0
2.1171 0
2.1185 0
2.1199 0
2.1213 0
2.1227 0
2.1241 0
2.1256 0
2.127 0
2.1284 0
2.1298 0
2.1312 0
2.1326 0
2.134 0
2.1355 0
2.1369 0
2.1383 0
2.1397 0
2.1411 0
2.1425 0
2.1439 0
2.1454 0
2.1468 0
2.1482 0
2.1496 0
2.151 0
2.1524 0
2.1538 0
2.1553 0
2.1567 0
2.1581 0
2.1595 0
2.1609 0
2.1623 0
2.1637 0
2.1652 0
2.1666 0
2.168 0
2.1694 0
2.1708 0
2.1722 0
2.1736 0
2.1751 0
2.1765 0
2.1779 0
2.1793 0
2.1807 0
2.1821 0
2.1835 0
2.185 0
2.1864 0
2.1878 0
2.1892 0
2.1906 0
2.192 0
2.1934 0
2.1949 0
2.1963 0
2.1977 0
2.1991 0
2.2005 0
2.2019 0
2.2033 0
2.2048 0
2.2062 0
2.2076 0
2.209 0
2.2104 0
2.2118 0
2.2132 0
2.2147 0
2.2161 0
2.2175 0
2.2189 0
2.2203 0
2.2217 0
2.2231 0
2.2246 0
2.226 0
2.2274 0
2.2288 0
2.2302 0
2.2316 0
2.233 0
2.2345 0
2.2359 0
2.2373 0
2.2387 0
2.2401 0
2.2415 0
2.2429 0
2.2444 0
2.2458 0
2.2472 0
2.2486 0
2.25 0
2.2514 0
2.2528 0
2.2543 0
2.2557 0
2.2571 0
2.2585 0
2.2599 0
2.2613 0
2.2627 0
2.2642 0
2.2656 0
2.267 0
2.2684 0
2.2698 0
2.2712 0
2.2726 0
2.2741 0
2.2755 0
2.2769 0
2.2783 0
2.2797 0
2.2811 0
2.2825 0
2.284 0
2.2854 0
2.2868 0
2.2882 0
2.2896 0
2.291 0
2.2924 0
2.2939 0
2.2953 0
2.2967 0
2.2981 0
2.2995 0
2.3009 0
2.3023 0
2.3038 0
2.3052 0
2.3066 0
2.308 0
2.3094 0
2.3108 0
2.3122 0
2.3137 0
2.3151 0
2.3165 0
2.3179 0
2.3193 0
2.3207 0
2.3221 0
2.3236 0
2.325 0
2.3264 0
2.3278 0
2.3292 0
2.3306 0
2.332 0
2.3335 0
2.3349 0
2.3363 0
2.3377 0
2.3391 0
2.3405 0
2.3419 0
2.3434 0
2.3448 0
2.3462 0
2.3476 0
2.349 0
2.3504 0
2.3518 0
2.3533 0
2.3547 0
2.3561 0
2.3575 0
2.3589 0
2.3603 0
2.3617 0
2.3632 0
2.3646 0
2.366 0
2.3674 0
2.3688 0
2.3702 0
2.3716 0
2.3731 0
2.3745 0
2.3759 0
2.3773 0
2.3787 0
2.3801 0
2.3815 0
2.3829 0
2.3844 0
2.3858 0
2.3872 0
2.3886 0
2.39 0
2.3914 0
2.3928 0
2.3943 0
2.3957 0
2.3971 0
2.3985 0
2.3999 0
2.4013 0
2.4027 0
2.4042 0
2.4056 0
2.407 0
2.4084 0
2.4098 0
2.4112 0
2.4126 0
2.4141 0
2.4155 0
2.4169 0
2.4183 0
2.4197 0
2.4211 0
2.4225 0
2.424 0
2.4254 0
2.4268 0
2.4282 0
2.4296 0
2.431 0
2.4324 0
2.4339 0
2.4353 0
2.4367 0
2.4381 0
2.4395 0
2.4409 0
2.4423 0
2.4438 0
2.4452 0
2.4466 0
2.448 0
2.4494 0
2.4508 0
2.4522 0
2.4537 0
2.4551 0
2.4565 0
2.4579 0
2.4593 0
2.4607 0
2.4621 0
2.4636 0
2.465 0
2.4664 0
2.4678 0
2.4692 0
2.4706 0
2.472 0
2.4735 0
2.4749 0
2.4763 0
2.4777 0
2.4791 0
2.4805 0
2.4819 0
2.4834 0
2.4848 0
2.4862 0
2.4876 0
2.489 0
2.4904 0
2.4918 0
2.4933 0
2.4947 0
2.4961 0
2.4975 0
2.4989 0
2.5003 0
2.5017 0
2.5032 0
2.5046 0
2.506 0
2.5074 0
2.5088 0
2.5102 0
2.5116 0
2.5131 0
2.5145 0
2.5159 0
2.5173 0
2.5187 0
2.5201 0
2.5215 0
2.523 0
2.5244 0
2.5258 0
2.5272 0
2.5286 0
2.53 0
2.5314 0
2.5329 0
2.5343 0
2.5357 0
2.5371 0
2.5385 0
2.5399 0
2.5413 0
2.5428 0
2.5442 0
2.5456 0
2.547 0
2.5484 0
2.5498 0
2.5512 0
2.5527 0
2.5541 0
2.5555 0
2.5569 0
2.5583 0
2.5597 0
2.5611 0
2.5626 0
2.564 0
2.5654 0
2.5668 0
2.5682 0
2.5696 0
2.571 0
2.5725 0
2.5739 0
2.5753 0
2.5767 0
2.5781 0
2.5795 0
2.5809 0
2.5824 0
2.5838 0
2.5852 0
2.5866 0
2.588 0
2.5894 0
2.5908 0
2.5923 0
2.5937 0
2.5951 0
2.5965 0
2.5979 0
2.5993 0
2.6007 0
2.6022 0
2.6036 0
2.605 0
2.6064 0
2.6078 0
2.6092 0
2.6106 0
2.6121 0
2.6135 0
2.6149 0
2.6163 0
2.6177 0
2.6191 0
2.6205 0
2.622 0
2.6234 0
2.6248 0
2.6262 0
2.6276 0
2.629 0
2.6304 0
2.6319 0
2.6333 0
2.6347 0
2.6361 0
2.6375 0
2.6389 0
2.6403 0
2.6418 0
2.6432 0
2.6446 0
2.646 0
2.6474 0
2.6488 0
2.6502 0
2.6517 0
2.6531 0
2.6545 0
2.6559 0
2.6573 0
2.6587 0
2.6601 0
2.6615 0
2.663 0
2.6644 0
2.6658 0
2.6672 0
2.6686 0
2.67 0
2.6714 0
2.6729 0
2.6743 0
2.6757 0
2.6771 0
2.6785 0
2.6799 0
2.6813 0
2.6828 0
2.6842 0
2.6856 0
2.687 0
2.6884 0
2.6898 0
2.6912 0
2.6927 0
2.6941 0
2.6955 0
2.6969 0
2.6983 0
2.6997 0
2.7011 0
2.7026 0
2.704 0
2.7054 0
2.7068 0
2.7082 0
2.7096 0
2.711 0
2.7125 0
2.7139 0
2.7153 0
2.7167 0
2.7181 0
2.7195 0
2.7209 0
2.7224 0
2.7238 0
2.7252 0
2.7266 0
2.728 0
2.7294 0
2.7308 0
2.7323 0
2.7337 0
2.7351 0
2.7365 0
2.7379 0
2.7393 0
2.7407 0
2.7422 0
2.7436 0
2.745 0
2.7464 0
2.7478 0
2.7492 0
2.7506 0
2.7521 0
2.7535 0
2.7549 0
2.7563 0
2.7577 0
2.7591 0
2.7605 0
2.762 0
2.7634 0
2.7648 0
2.7662 0
2.7676 0
2.769 0
2.7704 0
2.7719 0
2.7733 0
2.7747 0
2.7761 0
2.7775 0
2.7789 0
2.7803 0
2.7818 0
2.7832 0
2.7846 0
2.786 0
2.7874 0
2.7888 0
2.7902 0
2.7917 0
2.7931 0
2.7945 0
2.7959 0
2.7973 0
2.7987 0
2.8001 0
2.8016 0
2.803 0
2.8044 0
2.8058 0
2.8072 0
2.8086 0
2.81 0
2.8115 0
2.8129 0
2.8143 0
2.8157 0
2.8171 0
2.8185 0
2.8199 0
2.8214 0
2.8228 0
2.8242 0
2.8256 0
2.827 0
2.8284 0
2.8298 0
2.8313 0
2.8327 0
2.8341 0
2.8355 0
2.8369 0
2.8383 0
2.8397 0
2.8412 0
2.8426 0
2.844 0
2.8454 0
2.8468 0
2.8482 0
2.8496 0
2.8511 0
2.8525 0
2.8539 0
2.8553 0
2.8567 0
2.8581 0
2.8595 0
2.861 0
2.8624 0
2.8638 0
2.8652 0
2.8666 0
2.868 0
2.8694 0
2.8709 0
2.8723 0
2.8737 0
2.8751 0
2.8765 0
2.8779 0
2.8793 0
2.8808 0
2.8822 0
2.8836 0
2.885 0
2.8864 0
2.8878 0
2.8892 0
2.8907 0
2.8921 0
2.8935 0
2.8949 0
2.8963 0
2.8977 0
2.8991 0
2.9006 0
2.902 0
2.9034 0
2.9048 0
2.9062 0
2.9076 0
2.909 0
2.9105 0
2.9119 0
2.9133 0
2.9147 0
2.9161 0
2.9175 0
2.9189 0
2.9204 0
2.9218 0
2.9232 0
2.9246 0
2.926 0
2.9274 0
2.9288 0
2.9303 0
2.9317 0
2.9331 0
2.9345 0
2.9359 0
2.9373 0
2.9387 0
2.9401 0
2.9416 0
2.943 0
2.9444 0
2.9458 0
2.9472 0
2.9486 0
2.95 0
2.9515 0
2.9529 0
2.9543 0
2.9557 0
2.9571 0
2.9585 0
2.9599 0
2.9614 0
2.9628 0
2.9642 0
2.9656 0
2.967 0
2.9684 0
2.9698 0
2.9713 0
2.9727 0
2.9741 0
2.9755 0
2.9769 0
2.9783 0
2.9797 0
2.9812 0
2.9826 0
2.984 0
2.9854 0
2.9868 0
2.9882 0
2.9896 0
2.9911 0
2.9925 0
2.9939 0
2.9953 0
2.9967 0
2.9981 0
2.9995 0
3.001 0
3.0024 0
3.0038 0
3.0052 0
3.0066 0
3.008 0
3.0094 0
3.0109 0
3.0123 0
3.0137 0
3.0151 0
3.0165 0
3.0179 0
3.0193 0
3.0208 0
3.0222 0
3.0236 0
3.025 0
3.0264 0
3.0278 0
3.0292 0
3.0307 0
3.0321 0
3.0335 0
3.0349 0
3.0363 0
3.0377 0
3.0391 0
3.0406 0
3.042 0
3.0434 0
3.0448 0
3.0462 0
3.0476 0
3.049 0
3.0505 0
3.0519 0
3.0533 0
3.0547 0
3.0561 0
3.0575 0
3.0589 0
3.0604 0
3.0618 0
3.0632 0
3.0646 0
3.066 0
3.0674 0
3.0688 0
3.0703 0
3.0717 0
3.0731 0
3.0745 0
3.0759 0
3.0773 0
3.0787 0
3.0802 0
3.0816 0
3.083 0
3.0844 0
3.0858 0
3.0872 0
3.0886 0
3.0901 0
3.0915 0
3.0929 0
3.0943 0
3.0957 0
3.0971 0
3.0985 0
3.1 0
3.1014 0
3.1028 0
3.1042 0
3.1056 0
3.107 0
3.1084 0
3.1099 0
3.1113 0
3.1127 0
3.1141 0
3.1155 0
3.1169 0
3.1183 0
3.1198 0
3.1212 0
3.1226 0
3.124 0
3.1254 0
3.1268 0
3.1282 0
3.1297 0
3.1311 0
3.1325 0
3.1339 0
3.1353 0
3.1367 0
3.1381 0
3.1396 0
3.141 0
3.1424 0
3.1438 0
3.1452 0
3.1466 0
3.148 0
3.1495 0
3.1509 0
3.1523 0
3.1537 0
3.1551 0
3.1565 0
3.1579 0
3.1594 0
3.1608 0
3.1622 0
3.1636 0
3.165 0
3.1664 0
3.1678 0
3.1693 0
3.1707 0
3.1721 0
3.1735 0
3.1749 0
3.1763 0
3.1777 0
3.1792 0
3.1806 0
3.182 0
3.1834 0
3.1848 0
3.1862 0
3.1876 0
3.1891 0
3.1905 0
3.1919 0
3.1933 0
3.1947 0
3.1961 0
3.1975 0
3.199 0
3.2004 0
3.2018 0
3.2032 0
3.2046 0
3.206 0
3.2074 0
3.2089 0
3.2103 0
3.2117 0
3.2131 0
3.2145 0
3.2159 0
3.2173 0
3.2188 0
3.2202 0
3.2216 0
3.223 0
3.2244 0
3.2258 0
3.2272 0
3.2286 0
3.2301 0
3.2315 0
3.2329 0
3.2343 0
3.2357 0
3.2371 0
3.2385 0
3.24 0
3.2414 0
3.2428 0
3.2442 0
3.2456 0
3.247 0
3.2484 0
3.2499 0
3.2513 0
3.2527 0
3.2541 0
3.2555 0
3.2569 0
3.2583 0
3.2598 0
3.2612 0
3.2626 0
3.264 0
3.2654 0
3.2668 0
3.2682 0
3.2697 0
3.2711 0
3.2725 0
3.2739 0
3.2753 0
3.2767 0
3.2781 0
3.2796 0
3.281 0
3.2824 0
3.2838 0
3.2852 0
3.2866 0
3.288 0
3.2895 0
3.2909 0
3.2923 0
3.2937 0
3.2951 0
3.2965 0
3.2979 0
3.2994 0
3.3008 0
3.3022 0
3.3036 0
3.305 0
3.3064 0
3.3078 0
3.3093 0
3.3107 0
3.3121 0
3.3135 0
3.3149 0
3.3163 0
3.3177 0
3.3192 0
3.3206 0
3.322 0
3.3234 0
3.3248 0
3.3262 0
3.3276 0
3.3291 0
3.3305 0
3.3319 0
3.3333 0
3.3347 0
3.3361 0
3.3375 0
3.339 0
3.3404 0
3.3418 0
3.3432 0
3.3446 0
3.346 0
3.3474 0
3.3489 0
3.3503 0
3.3517 0
3.3531 0
3.3545 0
3.3559 0
3.3573 0
3.3588 0
3.3602 0
3.3616 0
3.363 0
3.3644 0
3.3658 0
3.3672 0
3.3687 0
3.3701 0
3.3715 0
3.3729 0
3.3743 0
3.3757 0
3.3771 0
3.3786 0
3.38 0
3.3814 0
3.3828 0
3.3842 0
3.3856 0
3.387 0
3.3885 0
3.3899 0
3.3913 0
3.3927 0
3.3941 0
3.3955 0
3.3969 0
3.3984 0
3.3998 0
3.4012 0
3.4026 0
3.404 0
3.4054 0
3.4068 0
3.4083 0
3.4097 0
3.4111 0
3.4125 0
3.4139 0
3.4153 0
3.4167 0
3.4182 0
3.4196 0
3.421 0
3.4224 0
3.4238 0
3.4252 0
3.4266 0
3.4281 0
3.4295 0
3.4309 0
3.4323 0
3.4337 0
3.4351 0
3.4365 0
3.438 0
3.4394 0
3.4408 0
3.4422 0
3.4436 0
3.445 0
3.4464 0
3.4479 0
3.4493 0
3.4507 0
3.4521 0
3.4535 0
3.4549 0
3.4563 0
3.4578 0
3.4592 0
3.4606 0
3.462 0
3.4634 0
3.4648 0
3.4662 0
3.4677 0
3.4691 0
3.4705 0
3.4719 0
3.4733 0
3.4747 0
3.4761 0
3.4776 0
3.479 0
3.4804 0
3.4818 0
3.4832 0
3.4846 0
3.486 0
3.4875 0
3.4889 0
3.4903 0
3.4917 0
3.4931 0
3.4945 0
3.4959 0
3.4974 0
3.4988 0
3.5002 0
3.5016 0
3.503 0
3.5044 0
3.5058 0
3.5072 0
3.5087 0
3.5101 0
3.5115 0
3.5129 0
3.5143 0
3.5157 0
3.5171 0
3.5186 0
3.52 0
3.5214 0
3.5228 0
3.5242 0
3.5256 0
3.527 0
3.5285 0
3.5299 0
3.5313 0
3.5327 0
3.5341 0
3.5355 0
3.5369 0
3.5384 0
3.5398 0
3.5412 0
3.5426 0
3.544 0
3.5454 0
3.5468 0
3.5483 0
3.5497 0
3.5511 0
3.5525 0
3.5539 0
3.5553 0
3.5567 0
3.5582 0
3.5596 0
3.561 0
3.5624 0
3.5638 0
3.5652 0
3.5666 0
3.5681 0
3.5695 0
3.5709 0
3.5723 0
3.5737 0
3.5751 0
3.5765 0
3.578 0
3.5794 0
3.5808 0
3.5822 0
3.5836 0
3.585 0
3.5864 0
3.5879 0
3.5893 0
3.5907 0
3.5921 0
3.5935 0
3.5949 0
3.5963 0
3.5978 0
3.5992 0
3.6006 0
3.602 0
3.6034 0
3.6048 0
3.6062 0
3.6077 0
3.6091 0
3.6105 0
3.6119 0
3.6133 0
3.6147 0
3.6161 0
3.6176 0
3.619 0
3.6204 0
3.6218 0
3.6232 0
3.6246 0
3.626 0
3.6275 0
3.6289 0
3.6303 0
3.6317 0
3.6331 0
3.6345 0
3.6359 0
3.6374 0
3.6388 0
3.6402 0
3.6416 0
3.643 0
3.6444 0
3.6458 0
3.6473 0
3.6487 0
3.6501 0
3.6515 0
3.6529 0
3.6543 0
3.6557 0
3.6572 0
3.6586 0
3.66 0
3.6614 0
3.6628 0
3.6642 0
3.6656 0
3.6671 0
3.6685 0
3.6699 0
3.6713 0
3.6727 0
3.6741 0
3.6755 0
3.677 0
3.6784 0
3.6798 0
3.6812 0
3.6826 0
3.684 0
3.6854 0
3.6869 0
3.6883 0
3.6897 0
3.6911 0
3.6925 0
3.6939 0
3.6953 0
3.6968 0
3.6982 0
3.6996 0
3.701 0
3.7024 0
3.7038 0
3.7052 0
3.7067 0
3.7081 0
3.7095 0
3.7109 0
3.7123 0
3.7137 0
3.7151 0
3.7166 0
3.718 0
3.7194 0
3.7208 0
3.7222 0
3.7236 0
3.725 0
3.7265 0
3.7279 0
3.7293 0
3.7307 0
3.7321 0
3.7335 0
3.7349 0
3.7364 0
3.7378 0
3.7392 0
3.7406 0
3.742 0
3.7434 0
3.7448 0
3.7463 0
3.7477 0
3.7491 0
3.7505 0
3.7519 0
3.7533 0
3.7547 0
3.7562 0
3.7576 0
3.759 0
3.7604 0
3.7618 0
3.7632 0
3.7646 0
3.7661 0
3.7675 0
3.7689 0
3.7703 0
3.7717 0
3.7731 0
3.7745 0
3.776 0
3.7774 0
3.7788 0
3.7802 0
3.7816 0
3.783 0
3.7844 0
3.7858 0
3.7873 0
3.7887 0
3.7901 0
3.7915 0
3.7929 0
3.7943 0
3.7957 0
3.7972 0
3.7986 0
3.8 0
3.8014 0
3.8028 0
3.8042 0
3.8056 0
3.8071 0
3.8085 0
3.8099 0
3.8113 0
3.8127 0
3.8141 0
3.8155 0
3.817 0
3.8184 0
3.8198 0
3.8212 0
3.8226 0
3.824 0
3.8254 0
3.8269 0
3.8283 0
3.8297 0
3.8311 0
3.8325 0
3.8339 0
3.8353 0
3.8368 0
3.8382 0
3.8396 0
3.841 0
3.8424 0
3.8438 0
3.8452 0
3.8467 0
3.8481 0
3.8495 0
3.8509 0
3.8523 0
3.8537 0
3.8551 0
3.8566 0
3.858 0
3.8594 0
3.8608 0
3.8622 0
3.8636 0
3.865 0
3.8665 0
3.8679 0
3.8693 0
3.8707 0
3.8721 0
3.8735 0
3.8749 0
3.8764 0
3.8778 0
3.8792 0
3.8806 0
3.882 0
3.8834 0
3.8848 0
3.8863 0
3.8877 0
3.8891 0
3.8905 0
3.8919 0
3.8933 0
3.8947 0
3.8962 0
3.8976 0
3.899 0
3.9004 0
3.9018 0
3.9032 0
3.9046 0
3.9061 0
3.9075 0
3.9089 0
3.9103 0
3.9117 0
3.9131 0
3.9145 0
3.916 0
3.9174 0
3.9188 0
3.9202 0
3.9216 0
3.923 0
3.9244 0
3.9259 0
3.9273 0
3.9287 0
3.9301 0
3.9315 0
3.9329 0
3.9343 0
3.9358 0
3.9372 0
3.9386 0
3.94 0
3.9414 0
3.9428 0
3.9442 0
3.9457 0
3.9471 0
3.9485 0
3.9499 0
3.9513 0
3.9527 0
3.9541 0
3.9556 0
3.957 0
3.9584 0
3.9598 0
3.9612 0
3.9626 0
3.964 0
3.9655 0
3.9669 0
3.9683 0
3.9697 0
3.9711 0
3.9725 0
3.9739 0
3.9754 0
3.9768 0
3.9782 0
3.9796 0
3.981 0
3.9824 0
3.9838 0
3.9853 0
3.9867 0
3.9881 0
3.9895 0
3.9909 0
3.9923 0
3.9937 0
3.9952 0
3.9966 0
3.998 0
3.9994 0
4.0008 0
4.0022 0
4.0036 0
4.0051 0
4.0065 0
4.0079 0
4.0093 0
4.0107 0
4.0121 0
4.0135 0
4.015 0
4.0164 0
4.0178 0
4.0192 0
4.0206 0
4.022 0
4.0234 0
4.0249 0
4.0263 0
4.0277 0
4.0291 0
4.0305 0
4.0319 0
4.0333 0
4.0348 0
4.0362 0
4.0376 0
4.039 0
4.0404 0
4.0418 0
4.0432 0
4.0447 0
4.0461 0
4.0475 0
4.0489 0
4.0503 0
4.0517 0
4.0531 0
4.0546 0
4.056 0
4.0574 0
4.0588 0
4.0602 0
4.0616 0
4.063 0
4.0644 0
4.0659 0
4.0673 0
4.0687 0
4.0701 0
4.0715 0
4.0729 0
4.0743 0
4.0758 0
4.0772 0
4.0786 0
4.08 0
4.0814 0
4.0828 0
4.0842 0
4.0857 0
4.0871 0
4.0885 0
4.0899 0
4.0913 0
4.0927 0
4.0941 0
4.0956 0
4.097 0
4.0984 0
4.0998 0
4.1012 0
4.1026 0
4.104 0
4.1055 0
4.1069 0
4.1083 0
4.1097 0
4.1111 0
4.1125 0
4.1139 0
4.1154 0
4.1168 0
4.1182 0
4.1196 0
4.121 0
4.1224 0
4.1238 0
4.1253 0
4.1267 0
4.1281 0
4.1295 0
4.1309 0
4.1323 0
4.1337 0
4.1352 0
4.1366 0
4.138 0
4.1394 0
4.1408 0
4.1422 0
4.1436 0
4.1451 0
4.1465 0
4.1479 0
4.1493 0
4.1507 0
4.1521 0
4.1535 0
4.155 0
4.1564 0
4.1578 0
4.1592 0
4.1606 0
4.162 0
4.1634 0
4.1649 0
4.1663 0
4.1677 0
4.1691 0
4.1705 0
4.1719 0
4.1733 0
4.1748 0
4.1762 0
4.1776 0
4.179 0
4.1804 0
4.1818 0
4.1832 0
4.1847 0
4.1861 0
4.1875 0
4.1889 0
4.1903 0
4.1917 0
4.1931 0
4.1946 0
4.196 0
4.1974 0
4.1988 0
4.2002 0
4.2016 0
4.203 0
4.2045 0
4.2059 0
4.2073 0
4.2087 0
4.2101 0
4.2115 0
4.2129 0
4.2144 0
4.2158 0
4.2172 0
4.2186 0
4.22 0
4.2214 0
4.2228 0
4.2243 0
4.2257 0
4.2271 0
4.2285 0
4.2299 0
4.2313 0
4.2327 0
4.2342 0
4.2356 0
4.237 0
4.2384 0
4.2398 0
4.2412 0
4.2426 0
4.2441 0
4.2455 0
4.2469 0
4.2483 0
4.2497 0
4.2511 0
4.2525 0
4.254 0
4.2554 0
4.2568 0
4.2582 0
4.2596 0
4.261 0
4.2624 0
4.2639 0
4.2653 0
4.2667 0
4.2681 0
4.2695 0
4.2709 0
4.2723 0
4.2738 0
4.2752 0
4.2766 0
4.278 0
4.2794 0
4.2808 0
4.2822 0
4.2837 0
4.2851 0
4.2865 0
4.2879 0
4.2893 0
4.2907 0
4.2921 0
4.2936 0
4.295 0
4.2964 0
4.2978 0
4.2992 0
4.3006 0
4.302 0
4.3035 0
4.3049 0
4.3063 0
4.3077 0
4.3091 0
4.3105 0
4.3119 0
4.3134 0
4.3148 0
4.3162 0
4.3176 0
4.319 0
4.3204 0
4.3218 0
4.3233 0
4.3247 0
4.3261 0
4.3275 0
4.3289 0
4.3303 0
4.3317 0
4.3332 0
4.3346 0
4.336 0
4.3374 0
4.3388 0
4.3402 0
4.3416 0
4.343 0
4.3445 0
4.3459 0
4.3473 0
4.3487 0
4.3501 0
4.3515 0
4.3529 0
4.3544 0
4.3558 0
4.3572 0
4.3586 0
4.36 0
4.3614 0
4.3628 0
4.3643 0
4.3657 0
4.3671 0
4.3685 0
4.3699 0
4.3713 0
4.3727 0
4.3742 0
4.3756 0
4.377 0
4.3784 0
4.3798 0
4.3812 0
4.3826 0
4.3841 0
4.3855 0
4.3869 0
4.3883 0
4.3897 0
4.3911 0
4.3925 0
4.394 0
4.3954 0
4.3968 0
4.3982 0
4.3996 0
4.401 0
4.4024 0
4.4039 0
4.4053 0
4.4067 0
4.4081 0
4.4095 0
4.4109 0
4.4123 0
4.4138 0
4.4152 0
4.4166 0
4.418 0
4.4194 0
4.4208 0
4.4222 0
4.4237 0
4.4251 0
4.4265 0
4.4279 0
4.4293 0
4.4307 0
4.4321 0
4.4336 0
4.435 0
4.4364 0
4.4378 0
4.4392 0
4.4406 0
4.442 0
4.4435 0
4.4449 0
4.4463 0
4.4477 0
4.4491 0
4.4505 0
4.4519 0
4.4534 0
4.4548 0
4.4562 0
4.4576 0
4.459 0
4.4604 0
4.4618 0
4.4633 0
4.4647 0
4.4661 0
4.4675 0
4.4689 0
4.4703 0
4.4717 0
4.4732 0
4.4746 0
4.476 0
4.4774 0
4.4788 0
4.4802 0
4.4816 0
4.4831 0
4.4845 0
4.4859 0
4.4873 0
4.4887 0
4.4901 0
4.4915 0
4.493 0
4.4944 0
4.4958 0
4.4972 0
4.4986 0
4.5 0
4.5014 0
4.5029 0
4.5043 0
4.5057 0
4.5071 0
4.5085 0
4.5099 0
4.5113 0
4.5128 0
4.5142 0
4.5156 0
4.517 0
4.5184 0
4.5198 0
4.5212 0
4.5227 0
4.5241 0
4.5255 0
4.5269 0
4.5283 0
4.5297 0
4.5311 0
4.5326 0
4.534 0
4.5354 0
4.5368 0
4.5382 0
4.5396 0
4.541 0
4.5425 0
4.5439 0
4.5453 0
4.5467 0
4.5481 0
4.5495 0
4.5509 0
4.5524 0
4.5538 0
4.5552 0
4.5566 0
4.558 0
4.5594 0
4.5608 0
4.5623 0
4.5637 0
4.5651 0
4.5665 0
4.5679 0
4.5693 0
4.5707 0
4.5722 0
4.5736 0
4.575 0
4.5764 0
4.5778 0
4.5792 0
4.5806 0
4.5821 0
4.5835 0
4.5849 0
4.5863 0
4.5877 0
4.5891 0
4.5905 0
4.592 0
4.5934 0
4.5948 0
4.5962 0
4.5976 0
4.599 0
4.6004 0
4.6019 0
4.6033 0
4.6047 0
4.6061 0
4.6075 0
4.6089 0
4.6103 0
4.6118 0
4.6132 0
4.6146 0
4.616 0
4.6174 0
4.6188 0
4.6202 0
4.6216 0
4.6231 0
4.6245 0
4.6259 0
4.6273 0
4.6287 0
4.6301 0
4.6315 0
4.633 0
4.6344 0
4.6358 0
4.6372 0
4.6386 0
4.64 0
4.6414 0
4.6429 0
4.6443 0
4.6457 0
4.6471 0
4.6485 0
4.6499 0
4.6513 0
4.6528 0
4.6542 0
4.6556 0
4.657 0
4.6584 0
4.6598 0
4.6612 0
4.6627 0
4.6641 0
4.6655 0
4.6669 0
4.6683 0
4.6697 0
4.6711 0
4.6726 0
4.674 0
4.6754 0
4.6768 0
4.6782 0
4.6796 0
4.681 0
4.6825 0
4.6839 0
4.6853 0
4.6867 0
4.6881 0
4.6895 0
4.6909 0
4.6924 0
4.6938 0
4.6952 0
4.6966 0
4.698 0
4.6994 0
4.7008 0
4.7023 0
4.7037 0
4.7051 0
4.7065 0
4.7079 0
4.7093 0
4.7107 0
4.7122 0
4.7136 0
4.715 0
4.7164 0
4.7178 0
4.7192 0
4.7206 0
4.7221 0
4.7235 0
4.7249 0
4.7263 0
4.7277 0
4.7291 0
4.7305 0
4.732 0
4.7334 0
4.7348 0
4.7362 0
4.7376 0
4.739 0
4.7404 0
4.7419 0
4.7433 0
4.7447 0
4.7461 0
4.7475 0
4.7489 0
4.7503 0
4.7518 0
4.7532 0
4.7546 0
4.756 0
4.7574 0
4.7588 0
4.7602 0
4.7617 0
4.7631 0
4.7645 0
4.7659 0
4.7673 0
4.7687 0
4.7701 0
4.7716 0
4.773 0
4.7744 0
4.7758 0
4.7772 0
4.7786 0
4.78 0
4.7815 0
4.7829 0
4.7843 0
4.7857 0
4.7871 0
4.7885 0
4.7899 0
4.7914 0
4.7928 0
4.7942 0
4.7956 0
4.797 0
4.7984 0
4.7998 0
4.8013 0
4.8027 0
4.8041 0
4.8055 0
4.8069 0
4.8083 0
4.8097 0
4.8112 0
4.8126 0
4.814 0
4.8154 0
4.8168 0
4.8182 0
4.8196 0
4.8211 0
4.8225 0
4.8239 0
4.8253 0
4.8267 0
4.8281 0
4.8295 0
4.831 0
4.8324 0
4.8338 0
4.8352 0
4.8366 0
4.838 0
4.8394 0
4.8409 0
4.8423 0
4.8437 0
4.8451 0
4.8465 0
4.8479 0
4.8493 0
4.8508 0
4.8522 0
4.8536 0
4.855 0
4.8564 0
4.8578 0
4.8592 0
4.8607 0
4.8621 0
4.8635 0
4.8649 0
4.8663 0
4.8677 0
4.8691 0
4.8706 0
4.872 0
4.8734 0
4.8748 0
4.8762 0.020126
4.8776 0.042149
4.879 0.066122
4.8805 0.092108
4.8819 0.12017
4.8833 0.15038
4.8847 0.1828
4.8861 0.21749
4.8875 0.25455
4.8889 0.29402
4.8904 0.33593
4.8918 0.36085
4.8932 0.38648
4.8946 0.4128
4.896 0.43974
4.8974 0.46722
4.8988 0.49513
4.9002 0.52338
4.9017 0.5518
4.9031 0.58025
4.9045 0.60859
4.9059 0.63669
4.9073 0.66441
4.9087 0.69166
4.9101 0.71833
4.9116 0.74435
4.913 0.76966
4.9144 0.79421
4.9158 0.81797
4.9172 0.84093
4.9186 0.8631
4.92 0.88447
4.9215 0.90507
4.9229 0.92492
4.9243 0.94406
4.9257 0.96252
4.9271 0.98034
4.9285 0.99757
4.9299 1.0142
4.9314 1.0304
4.9328 1.046
4.9342 1.0612
4.9356 1.076
4.937 1.0905
4.9384 1.1045
4.9398 1.1183
4.9413 1.1317
4.9427 1.1449
4.9441 1.1578
4.9455 1.1704
4.9469 1.1829
4.9483 1.1951
4.9497 1.2072
4.9512 1.219
4.9526 1.2307
4.954 1.2423
4.9554 1.2537
4.9568 1.265
4.9582 1.2761
4.9596 1.2871
4.9611 1.2981
4.9625 1.3089
4.9639 1.3196
4.9653 1.3303
4.9667 1.3409
4.9681 1.3514
4.9695 1.3618
4.971 1.3722
4.9724 1.3825
4.9738 1.3928
4.9752 1.403
4.9766 1.4132
4.978 1.4234
4.9794 1.4335
4.9809 1.4436
4.9823 1.4536
4.9837 1.4636
4.9851 1.4737
4.9865 1.4836
4.9879 1.4936
4.9893 1.5036
4.9908 1.5135
4.9922 1.5234
4.9936 1.5333
4.995 1.5432
4.9964 1.5531
4.9978 1.563
4.9992 1.5729
5.0007 1.5828
5.0021 1.5927
5.0035 1.6026
5.0049 1.6126
5.0063 1.6225
5.0077 1.6324
5.0091 1.6423
5.0106 1.6523
5.012 1.6622
5.0134 1.6722
5.0148 1.6822
5.0162 1.6922
5.0176 1.7022
5.019 1.7122
5.0205 1.7222
5.0219 1.7323
5.0233 1.7423
5.0247 1.7524
5.0261 1.7625
5.0275 1.7726
5.0289 1.7827
5.0304 1.7928
5.0318 1.8029
5.0332 1.8131
5.0346 1.8232
5.036 1.8334
5.0374 1.8436
5.0388 1.8537
5.0403 1.8639
5.0417 1.8741
5.0431 1.8843
5.0445 1.8945
5.0459 1.9047
5.0473 1.9148
5.0487 1.925
5.0502 1.9351
5.0516 1.9452
5.053 1.9553
5.0544 1.9654
5.0558 1.9754
5.0572 1.9854
5.0586 1.9953
5.0601 2.0052
5.0615 2.015
5.0629 2.0248
5.0643 2.0345
5.0657 2.0441
5.0671 2.0537
5.0685 2.0632
5.07 2.0726
5.0714 2.0819
5.0728 2.0911
5.0742 2.1003
5.0756 2.1093
5.077 2.1183
5.0784 2.1272
5.0799 2.1359
5.0813 2.1446
5.0827 2.1532
5.0841 2.1616
5.0855 2.17
5.0869 2.1783
5.0883 2.1864
5.0898 2.1945
5.0912 2.2025
5.0926 2.2103
5.094 2.2181
5.0954 2.2257
5.0968 2.2333
5.0982 2.2408
5.0997 2.2482
5.1011 2.2555
5.1025 2.2627
5.1039 2.2698
5.1053 2.2769
5.1067 2.2838
5.1081 2.2907
5.1096 2.2976
5.111 2.3043
5.1124 2.311
5.1138 2.3177
5.1152 2.3242
5.1166 2.3308
5.118 2.3372
5.1195 2.3436
5.1209 2.35
5.1223 2.3564
5.1237 2.3627
5.1251 2.3689
5.1265 2.3751
5.1279 2.3813
5.1294 2.3875
5.1308 2.3937
5.1322 2.3998
5.1336 2.4059
5.135 2.412
5.1364 2.418
5.1378 2.4241
5.1393 2.4301
5.1407 2.4361
5.1421 2.4421
5.1435 2.4481
5.1449 2.4541
5.1463 2.4601
5.1477 2.4661
5.1492 2.4721
5.1506 2.4781
5.152 2.484
5.1534 2.49
5.1548 2.4959
5.1562 2.5019
5.1576 2.5078
5.1591 2.5138
5.1605 2.5197
5.1619 2.5256
5.1633 2.5316
5.1647 2.5375
5.1661 2.5434
5.1675 2.5493
5.169 2.5552
5.1704 2.561
5.1718 2.5669
5.1732 2.5728
5.1746 2.5786
5.176 2.5844
5.1774 2.5902
5.1789 2.596
5.1803 2.6018
5.1817 2.6076
5.1831 2.6133
5.1845 2.619
5.1859 2.6248
5.1873 2.6305
5.1887 2.6361
5.1902 2.6418
5.1916 2.6474
5.193 2.653
5.1944 2.6586
5.1958 2.6642
5.1972 2.6697
5.1986 2.6753
5.2001 2.6808
5.2015 2.6863
5.2029 2.6918
5.2043 2.6973
5.2057 2.7027
5.2071 2.7082
5.2085 2.7136
5.21 2.719
5.2114 2.7244
5.2128 2.7298
5.2142 2.7352
5.2156 2.7406
5.217 2.746
5.2184 2.7513
5.2199 2.7567
5.2213 2.7621
5.2227 2.7675
5.2241 2.7729
5.2255 2.7783
5.2269 2.7837
5.2283 2.7891
5.2298 2.7945
5.2312 2.8
5.2326 2.8054
5.234 2.8109
5.2354 2.8164
5.2368 2.8219
5.2382 2.8275
5.2397 2.833
5.2411 2.8386
5.2425 2.8442
5.2439 2.8499
5.2453 2.8556
5.2467 2.8613
5.2481 2.867
5.2496 2.8728
5.251 2.8786
5.2524 2.8844
5.2538 2.8903
5.2552 2.8962
5.2566 2.9021
5.258 2.9081
5.2595 2.9141
5.2609 2.9201
5.2623 2.9262
5.2637 2.9323
5.2651 2.9385
5.2665 2.9446
5.2679 2.9508
5.2694 2.9571
5.2708 2.9633
5.2722 2.9696
5.2736 2.9759
5.275 2.9823
5.2764 2.9886
5.2778 2.995
5.2793 3.0014
5.2807 3.0079
5.2821 3.0143
5.2835 3.0208
5.2849 3.0273
5.2863 3.0338
5.2877 3.0403
5.2892 3.0468
5.2906 3.0534
5.292 3.0599
5.2934 3.0665
5.2948 3.073
5.2962 3.0796
5.2976 3.0861
5.2991 3.0927
5.3005 3.0992
5.3019 3.1058
5.3033 3.1123
5.3047 3.1189
5.3061 3.1254
5.3075 3.132
5.309 3.1385
5.3104 3.145
5.3118 3.1515
5.3132 3.158
5.3146 3.1645
5.316 3.1709
5.3174 3.1774
5.3189 3.1838
5.3203 3.1902
5.3217 3.1966
5.3231 3.203
5.3245 3.2094
5.3259 3.2157
5.3273 3.2221
5.3288 3.2284
5.3302 3.2346
5.3316 3.2409
5.333 3.2471
5.3344 3.2533
5.3358 3.2595
5.3372 3.2656
5.3387 3.2717
5.3401 3.2778
5.3415 3.2838
5.3429 3.2898
5.3443 3.2957
5.3457 3.3016
5.3471 3.3075
5.3486 3.3133
5.35 3.319
5.3514 3.3247
5.3528 3.3304
5.3542 3.3359
5.3556 3.3414
5.357 3.3469
5.3585 3.3523
5.3599 3.3575
5.3613 3.3628
5.3627 3.3679
5.3641 3.373
5.3655 3.3779
5.3669 3.3828
5.3684 3.3876
5.3698 3.3923
5.3712 3.3969
5.3726 3.4014
5.374 3.4058
5.3754 3.4101
5.3768 3.4143
5.3783 3.4184
5.3797 3.4224
5.3811 3.4263
5.3825 3.4301
5.3839 3.4338
5.3853 3.4374
5.3867 3.4409
5.3882 3.4443
5.3896 3.4476
5.391 3.4508
5.3924 3.454
5.3938 3.457
5.3952 3.4599
5.3966 3.4628
5.3981 3.4655
5.3995 3.4682
5.4009 3.4708
5.4023 3.4733
5.4037 3.4758
5.4051 3.4782
5.4065 3.4805
5.408 3.4828
5.4094 3.485
5.4108 3.4871
5.4122 3.4892
5.4136 3.4913
5.415 3.4933
5.4164 3.4953
5.4179 3.4972
5.4193 3.4991
5.4207 3.501
5.4221 3.5028
5.4235 3.5047
5.4249 3.5065
5.4263 3.5083
5.4278 3.5101
5.4292 3.5119
5.4306 3.5136
5.432 3.5154
5.4334 3.5171
5.4348 3.5188
5.4362 3.5205
5.4377 3.5222
5.4391 3.5239
5.4405 3.5257
5.4419 3.5274
5.4433 3.5292
5.4447 3.531
5.4461 3.5328
5.4476 3.5347
5.449 3.5365
5.4504 3.5384
5.4518 3.5404
5.4532 3.5423
5.4546 3.5443
5.456 3.5463
5.4575 3.5483
5.4589 3.5504
5.4603 3.5525
5.4617 3.5546
5.4631 3.5568
5.4645 3.559
5.4659 3.5612
5.4673 3.5635
5.4688 3.5658
5.4702 3.5681
5.4716 3.5704
5.473 3.5728
5.4744 3.5751
5.4758 3.5775
5.4772 3.58
5.4787 3.5824
5.4801 3.5849
5.4815 3.5874
5.4829 3.5899
5.4843 3.5924
5.4857 3.5949
5.4871 3.5974
5.4886 3.5999
5.49 3.6024
5.4914 3.605
5.4928 3.6075
5.4942 3.61
5.4956 3.6125
5.497 3.615
5.4985 3.6174
5.4999 3.6199
5.5013 3.6223
5.5027 3.6248
5.5041 3.6272
5.5055 3.6295
5.5069 3.6319
5.5084 3.6342
5.5098 3.6365
5.5112 3.6387
5.5126 3.6409
5.514 3.6431
5.5154 3.6453
5.5168 3.6474
5.5183 3.6494
5.5197 3.6515
5.5211 3.6534
5.5225 3.6554
5.5239 3.6573
5.5253 3.6591
5.5267 3.6609
5.5282 3.6627
5.5296 3.6644
5.531 3.666
5.5324 3.6676
5.5338 3.6692
5.5352 3.6707
5.5366 3.6722
5.5381 3.6737
5.5395 3.6751
5.5409 3.6764
5.5423 3.6777
5.5437 3.679
5.5451 3.6803
5.5465 3.6815
5.548 3.6827
5.5494 3.6839
5.5508 3.6851
5.5522 3.6862
5.5536 3.6873
5.555 3.6884
5.5564 3.6895
5.5579 3.6907
5.5593 3.6918
5.5607 3.6929
5.5621 3.694
5.5635 3.6951
5.5649 3.6962
5.5663 3.6973
5.5678 3.6985
5.5692 3.6997
5.5706 3.7009
5.572 3.7021
5.5734 3.7033
5.5748 3.7046
5.5762 3.7059
5.5777 3.7073
5.5791 3.7086
5.5805 3.71
5.5819 3.7115
5.5833 3.7129
5.5847 3.7145
5.5861 3.716
5.5876 3.7176
5.589 3.7192
5.5904 3.7209
5.5918 3.7226
5.5932 3.7243
5.5946 3.726
5.596 3.7278
5.5975 3.7297
5.5989 3.7315
5.6003 3.7334
5.6017 3.7353
5.6031 3.7373
5.6045 3.7393
5.6059 3.7413
5.6074 3.7433
5.6088 3.7453
5.6102 3.7474
5.6116 3.7495
5.613 3.7516
5.6144 3.7538
5.6158 3.7559
5.6173 3.7581
5.6187 3.7603
5.6201 3.7625
5.6215 3.7648
5.6229 3.767
5.6243 3.7693
5.6257 3.7716
5.6272 3.774
5.6286 3.7763
5.63 3.7787
5.6314 3.7811
5.6328 3.7835
5.6342 3.786
5.6356 3.7884
5.6371 3.791
5.6385 3.7935
5.6399 3.7961
5.6413 3.7987
5.6427 3.8013
5.6441 3.804
5.6455 3.8066
5.647 3.8094
5.6484 3.8121
5.6498 3.8149
5.6512 3.8177
5.6526 3.8205
5.654 3.8233
5.6554 3.8262
5.6569 3.8291
5.6583 3.832
5.6597 3.8348
5.6611 3.8377
5.6625 3.8406
5.6639 3.8435
5.6653 3.8464
5.6668 3.8492
5.6682 3.852
5.6696 3.8548
5.671 3.8575
5.6724 3.8602
5.6738 3.8629
5.6752 3.8655
5.6767 3.868
5.6781 3.8705
5.6795 3.8729
5.6809 3.8752
5.6823 3.8774
5.6837 3.8796
5.6851 3.8816
5.6866 3.8836
5.688 3.8854
5.6894 3.8872
5.6908 3.8888
5.6922 3.8903
5.6936 3.8917
5.695 3.893
5.6965 3.8941
5.6979 3.8951
5.6993 3.896
5.7007 3.8968
5.7021 3.8974
5.7035 3.8978
5.7049 3.8982
5.7064 3.8983
5.7078 3.8984
5.7092 3.8982
5.7106 3.898
5.712 3.8975
5.7134 3.8969
5.7148 3.8962
5.7163 3.8953
5.7177 3.8942
5.7191 3.8929
5.7205 3.8915
5.7219 3.8899
5.7233 3.8881
5.7247 3.8862
5.7262 3.8841
5.7276 3.8818
5.729 3.8793
5.7304 3.8767
5.7318 3.8739
5.7332 3.8709
5.7346 3.8678
5.7361 3.8645
5.7375 3.861
5.7389 3.8573
5.7403 3.8535
5.7417 3.8495
5.7431 3.8454
5.7445 3.8411
5.7459 3.8367
5.7474 3.8321
5.7488 3.8274
5.7502 3.8225
5.7516 3.8175
5.753 3.8124
5.7544 3.8072
5.7558 3.8018
5.7573 3.7964
5.7587 3.7908
5.7601 3.7851
5.7615 3.7794
5.7629 3.7735
5.7643 3.7676
5.7657 3.7615
5.7672 3.7554
5.7686 3.7493
5.77 3.743
5.7714 3.7367
5.7728 3.7303
5.7742 3.7239
5.7756 3.7174
5.7771 3.7108
5.7785 3.7042
5.7799 3.6976
5.7813 3.6909
5.7827 3.6842
5.7841 3.6774
5.7855 3.6706
5.787 3.6638
5.7884 3.6569
5.7898 3.65
5.7912 3.6431
5.7926 3.6361
5.794 3.6291
5.7954 3.6221
5.7969 3.6151
5.7983 3.608
5.7997 3.6009
5.8011 3.5938
5.8025 3.5866
5.8039 3.5794
5.8053 3.5722
5.8068 3.565
5.8082 3.5577
5.8096 3.5504
5.811 3.5431
5.8124 3.5358
5.8138 3.5284
5.8152 3.521
5.8167 3.5135
5.8181 3.5061
5.8195 3.4986
5.8209 3.491
5.8223 3.4834
5.8237 3.4758
5.8251 3.4681
5.8266 3.4603
5.828 3.4525
5.8294 3.4447
5.8308 3.4368
5.8322 3.4288
5.8336 3.4207
5.835 3.4126
5.8365 3.4044
5.8379 3.3961
5.8393 3.3877
5.8407 3.3792
5.8421 3.3706
5.8435 3.3619
5.8449 3.3531
5.8464 3.3441
5.8478 3.335
5.8492 3.3258
5.8506 3.3165
5.852 3.307
5.8534 3.2974
5.8548 3.2876
5.8563 3.2777
5.8577 3.2676
5.8591 3.2574
5.8605 3.247
5.8619 3.2365
5.8633 3.2258
5.8647 3.2149
5.8662 3.2039
5.8676 3.1928
5.869 3.1814
5.8704 3.17
5.8718 3.1583
5.8732 3.1466
5.8746 3.1347
5.8761 3.1226
5.8775 3.1104
5.8789 3.0981
5.8803 3.0857
5.8817 3.0731
5.8831 3.0604
5.8845 3.0477
5.886 3.0348
5.8874 3.0218
5.8888 3.0088
5.8902 2.9957
5.8916 2.9825
5.893 2.9692
5.8944 2.9559
5.8959 2.9425
5.8973 2.929
5.8987 2.9154
5.9001 2.9016
5.9015 2.8876
5.9029 2.8734
5.9043 2.8588
5.9058 2.8438
5.9072 2.8283
5.9086 2.8122
5.91 2.7954
5.9114 2.7778
5.9128 2.7595
5.9142 2.7402
5.9157 2.7199
5.9171 2.6987
5.9185 2.6764
5.9199 2.6531
5.9213 2.6288
5.9227 2.6035
5.9241 2.5774
5.9256 2.5504
5.927 2.5227
5.9284 2.4944
5.9298 2.4656
5.9312 2.4363
5.9326 2.4068
5.934 2.3771
5.9355 2.3473
5.9369 2.3176
5.9383 2.288
5.9397 2.2586
5.9411 2.2295
5.9425 2.2007
5.9439 2.1724
5.9454 2.1445
5.9468 2.1172
5.9482 2.0904
5.9496 2.0642
5.951 2.0385
5.9524 2.0134
5.9538 1.989
5.9553 1.9651
5.9567 1.9418
5.9581 1.9191
5.9595 1.8969
5.9609 1.8753
5.9623 1.8542
5.9637 1.8336
5.9652 1.8135
5.9666 1.7939
5.968 1.7747
5.9694 1.756
5.9708 1.7377
5.9722 1.7198
5.9736 1.7022
5.9751 1.6851
5.9765 1.6683
5.9779 1.6518
5.9793 1.6357
5.9807 1.6198
5.9821 1.6043
5.9835 1.5891
5.985 1.5741
5.9864 1.5594
5.9878 1.545
5.9892 1.5308
5.9906 1.5168
5.992 1.5031
5.9934 1.4896
5.9949 1.4763
5.9963 1.4632
5.9977 1.4504
5.9991 1.4377
6.0005 1.4253
6.0019 1.4131
6.0033 1.4011
6.0048 1.3893
6.0062 1.3776
6.0076 1.3662
6.009 1.355
6.0104 1.3428
6.0118 1.3309
6.0132 1.3193
6.0147 1.3079
6.0161 1.2968
6.0175 1.286
6.0189 1.2756
6.0203 1.2655
6.0217 1.2557
6.0231 1.2463
6.0245 1.2372
6.026 1.2285
6.0274 1.2201
6.0288 1.212
6.0302 1.2036
6.0316 1.1955
6.033 1.1877
6.0344 1.1803
6.0359 1.1732
6.0373 1.1665
6.0387 1.1602
6.0401 1.1542
6.0415 1.1486
6.0429 1.1433
6.0443 1.1383
6.0458 1.1337
6.0472 1.1295
6.0486 1.1255
6.05 1.1218
6.0514 1.1184
6.0528 1.1153
6.0542 1.1124
6.0557 1.1098
6.0571 1.1073
6.0585 1.105
6.0599 1.1029
6.0613 1.101
6.0627 1.0992
6.0641 1.0976
6.0656 1.0961
6.067 1.0946
6.0684 1.0933
6.0698 1.0921
6.0712 1.0909
6.0726 1.0898
6.074 1.0887
6.0755 1.0877
6.0769 1.0867
6.0783 1.0857
6.0797 1.0847
6.0811 1.0838
6.0825 1.0828
6.0839 1.0819
6.0854 1.0809
6.0868 1.08
6.0882 1.079
6.0896 1.078
6.091 1.0769
6.0924 1.0759
6.0938 1.0748
6.0953 1.0737
6.0967 1.0725
6.0981 1.0713
6.0995 1.0701
6.1009 1.0688
6.1023 1.0675
6.1037 1.0662
6.1052 1.0649
6.1066 1.0636
6.108 1.0622
6.1094 1.0608
6.1108 1.0595
6.1122 1.0581
6.1136 1.0567
6.1151 1.0554
6.1165 1.0541
6.1179 1.0528
6.1193 1.0516
6.1207 1.0504
6.1221 1.0492
6.1235 1.0482
6.125 1.0471
6.1264 1.0462
6.1278 1.0453
6.1292 1.0445
6.1306 1.0438
6.132 1.0432
6.1334 1.0426
6.1349 1.0422
6.1363 1.0418
6.1377 1.0416
6.1391 1.0414
6.1405 1.0414
6.1419 1.0414
6.1433 1.0416
6.1448 1.0418
6.1462 1.0422
6.1476 1.0426
6.149 1.0431
6.1504 1.0438
6.1518 1.0445
6.1532 1.0452
6.1547 1.0461
6.1561 1.0471
6.1575 1.0481
6.1589 1.0492
6.1603 1.0503
6.1617 1.0515
6.1631 1.0528
6.1646 1.0541
6.166 1.0555
6.1674 1.0569
6.1688 1.0584
6.1702 1.0599
6.1716 1.0614
6.173 1.063
6.1745 1.0646
6.1759 1.0663
6.1773 1.068
6.1787 1.0697
6.1801 1.0715
6.1815 1.0733
6.1829 1.0752
6.1844 1.0771
6.1858 1.079
6.1872 1.081
6.1886 1.083
6.19 1.0851
6.1914 1.0873
6.1928 1.0894
6.1943 1.0917
6.1957 1.094
6.1971 1.0964
6.1985 1.0988
6.1999 1.1013
6.2013 1.1039
6.2027 1.1066
6.2042 1.1093
6.2056 1.1122
6.207 1.1151
6.2084 1.1181
6.2098 1.1212
6.2112 1.1243
6.2126 1.1276
6.2141 1.1309
6.2155 1.1344
6.2169 1.1379
6.2183 1.1414
6.2197 1.1451
6.2211 1.1488
6.2225 1.1524
6.224 1.1561
6.2254 1.1598
6.2268 1.1636
6.2282 1.1674
6.2296 1.1712
6.231 1.175
6.2324 1.1789
6.2339 1.1827
6.2353 1.1865
6.2367 1.1903
6.2381 1.1941
6.2395 1.1977
6.2409 1.2014
6.2423 1.2049
6.2438 1.2084
6.2452 1.2118
6.2466 1.2152
6.248 1.2185
6.2494 1.2217
6.2508 1.2247
6.2522 1.2277
6.2537 1.2306
6.2551 1.2334
6.2565 1.236
6.2579 1.2386
6.2593 1.241
6.2607 1.2434
6.2621 1.2457
6.2636 1.2478
6.265 1.2499
6.2664 1.2519
6.2678 1.2538
6.2692 1.2557
6.2706 1.2575
6.272 1.2592
6.2735 1.2609
6.2749 1.2626
6.2763 1.2643
6.2777 1.266
6.2791 1.2677
6.2805 1.2694
6.2819 1.2712
6.2834 1.273
6.2848 1.2749
6.2862 1.2769
6.2876 1.2789
6.289 1.2811
6.2904 1.2834
6.2918 1.2858
6.2933 1.2884
6.2947 1.2911
6.2961 1.2939
6.2975 1.2969
6.2989 1.3001
6.3003 1.3034
6.3017 1.3069
6.3031 1.3105
6.3046 1.3142
6.306 1.3181
6.3074 1.3221
6.3088 1.3262
6.3102 1.3305
6.3116 1.3348
6.313 1.3391
6.3145 1.3436
6.3159 1.348
6.3173 1.3525
6.3187 1.357
6.3201 1.3614
6.3215 1.3658
6.3229 1.3701
6.3244 1.3744
6.3258 1.3786
6.3272 1.3827
6.3286 1.3866
6.33 1.3904
6.3314 1.3941
6.3328 1.3976
6.3343 1.401
6.3357 1.4041
6.3371 1.4071
6.3385 1.41
6.3399 1.4126
6.3413 1.4151
6.3427 1.4174
6.3442 1.4196
6.3456 1.4215
6.347 1.4234
6.3484 1.4251
6.3498 1.4267
6.3512 1.4282
6.3526 1.4297
6.3541 1.4311
6.3555 1.4325
6.3569 1.4339
6.3583 1.4353
6.3597 1.4366
6.3611 1.438
6.3625 1.4394
6.364 1.4409
6.3654 1.4424
6.3668 1.444
6.3682 1.4457
6.3696 1.4475
6.371 1.4494
6.3724 1.4514
6.3739 1.4535
6.3753 1.4556
6.3767 1.4579
6.3781 1.4603
6.3795 1.4628
6.3809 1.4653
6.3823 1.4679
6.3838 1.4705
6.3852 1.4732
6.3866 1.4759
6.388 1.4786
6.3894 1.4812
6.3908 1.484
6.3922 1.4867
6.3937 1.4893
6.3951 1.4918
6.3965 1.4942
6.3979 1.4964
6.3993 1.4985
6.4007 1.5004
6.4021 1.5021
6.4036 1.5036
6.405 1.5049
6.4064 1.5059
6.4078 1.5068
6.4092 1.5074
6.4106 1.5078
6.412 1.508
6.4135 1.5079
6.4149 1.5076
6.4163 1.5071
6.4177 1.5064
6.4191 1.5055
6.4205 1.5044
6.4219 1.503
6.4234 1.5016
6.4248 1.4999
6.4262 1.4981
6.4276 1.4961
6.429 1.494
6.4304 1.4917
6.4318 1.4893
6.4333 1.4868
6.4347 1.4842
6.4361 1.4816
6.4375 1.4788
6.4389 1.476
6.4403 1.4733
6.4417 1.4705
6.4432 1.4677
6.4446 1.4648
6.446 1.462
6.4474 1.4591
6.4488 1.4562
6.4502 1.4533
6.4516 1.4504
6.4531 1.4475
6.4545 1.4447
6.4559 1.4419
6.4573 1.4392
6.4587 1.4365
6.4601 1.434
6.4615 1.4314
6.463 1.429
6.4644 1.4267
6.4658 1.4245
6.4672 1.4224
6.4686 1.4204
6.47 1.4185
6.4714 1.4168
6.4729 1.4152
6.4743 1.4137
6.4757 1.4125
6.4771 1.4114
6.4785 1.4104
6.4799 1.4096
6.4813 1.4088
6.4828 1.4082
6.4842 1.4077
6.4856 1.4073
6.487 1.407
6.4884 1.4068
6.4898 1.4067
6.4912 1.4067
6.4927 1.4068
6.4941 1.407
6.4955 1.4073
6.4969 1.4077
6.4983 1.4082
6.4997 1.4088
6.5011 1.4093
6.5026 1.4099
6.504 1.4105
6.5054 1.4111
6.5068 1.4117
6.5082 1.4123
6.5096 1.4128
6.511 1.4134
6.5125 1.4139
6.5139 1.4144
6.5153 1.4148
6.5167 1.4152
6.5181 1.4156
6.5195 1.416
6.5209 1.4163
6.5224 1.4166
6.5238 1.417
6.5252 1.4175
6.5266 1.4179
6.528 1.4183
6.5294 1.4186
6.5308 1.4189
6.5323 1.4192
6.5337 1.4194
6.5351 1.4196
6.5365 1.4197
6.5379 1.4197
6.5393 1.4197
6.5407 1.4196
6.5422 1.4194
6.5436 1.4192
6.545 1.419
6.5464 1.4186
6.5478 1.4182
6.5492 1.4178
6.5506 1.4173
6.5521 1.4168
6.5535 1.4162
6.5549 1.4156
6.5563 1.415
6.5577 1.4143
6.5591 1.4137
6.5605 1.4131
6.562 1.4125
6.5634 1.412
6.5648 1.4115
6.5662 1.411
6.5676 1.4107
6.569 1.4104
6.5704 1.4103
6.5719 1.4102
6.5733 1.4103
6.5747 1.4106
6.5761 1.4109
6.5775 1.4114
6.5789 1.4121
6.5803 1.4129
6.5817 1.4138
6.5832 1.4148
6.5846 1.416
6.586 1.4172
6.5874 1.4186
6.5888 1.42
6.5902 1.4216
6.5916 1.4231
6.5931 1.4247
6.5945 1.4263
6.5959 1.4279
6.5973 1.4295
6.5987 1.4311
6.6001 1.4326
6.6015 1.4341
6.603 1.4355
6.6044 1.4368
6.6058 1.438
6.6072 1.4391
6.6086 1.4402
6.61 1.4411
6.6114 1.442
6.6129 1.4427
6.6143 1.4434
6.6157 1.444
6.6171 1.4445
6.6185 1.445
6.6199 1.4454
6.6213 1.4457
6.6228 1.4461
6.6242 1.4464
6.6256 1.4467
6.627 1.4471
6.6284 1.4475
6.6298 1.4479
6.6312 1.4484
6.6327 1.4489
6.6341 1.4496
6.6355 1.4503
6.6369 1.4511
6.6383 1.4521
6.6397 1.4531
6.6411 1.4543
6.6426 1.4555
6.644 1.4569
6.6454 1.4584
6.6468 1.46
6.6482 1.4618
6.6496 1.4636
6.651 1.4655
6.6525 1.4675
6.6539 1.4696
6.6553 1.4717
6.6567 1.4739
6.6581 1.4761
6.6595 1.4784
6.6609 1.4807
6.6624 1.4829
6.6638 1.4852
6.6652 1.4874
6.6666 1.4896
6.668 1.4917
6.6694 1.4938
6.6708 1.4958
6.6723 1.4977
6.6737 1.4996
6.6751 1.5013
6.6765 1.5029
6.6779 1.5044
6.6793 1.5058
6.6807 1.5071
6.6822 1.5083
6.6836 1.5093
6.685 1.5102
6.6864 1.5109
6.6878 1.5116
6.6892 1.5121
6.6906 1.5125
6.6921 1.5129
6.6935 1.5131
6.6949 1.5131
6.6963 1.5132
6.6977 1.5131
6.6991 1.5129
6.7005 1.5127
6.702 1.5124
6.7034 1.512
6.7048 1.5116
6.7062 1.5112
6.7076 1.5107
6.709 1.5102
6.7104 1.5096
6.7119 1.5091
6.7133 1.5085
6.7147 1.5079
6.7161 1.5072
6.7175 1.5066
6.7189 1.5059
6.7203 1.5052
6.7218 1.5045
6.7232 1.5037
6.7246 1.503
6.726 1.5022
6.7274 1.5013
6.7288 1.5004
6.7302 1.4995
6.7317 1.4986
6.7331 1.4976
6.7345 1.4965
6.7359 1.4954
6.7373 1.4942
6.7387 1.493
6.7401 1.4917
6.7416 1.4903
6.743 1.4888
6.7444 1.4873
6.7458 1.4858
6.7472 1.4841
6.7486 1.4824
6.75 1.4807
6.7515 1.4789
6.7529 1.4771
6.7543 1.4752
6.7557 1.4733
6.7571 1.4714
6.7585 1.4695
6.7599 1.4676
6.7614 1.4657
6.7628 1.4638
6.7642 1.4619
6.7656 1.4601
6.767 1.4585
6.7684 1.4569
6.7698 1.4555
6.7713 1.4541
6.7727 1.4527
6.7741 1.4515
6.7755 1.4504
6.7769 1.4494
6.7783 1.4485
6.7797 1.4477
6.7812 1.447
6.7826 1.4465
6.784 1.4461
6.7854 1.4458
6.7868 1.4456
6.7882 1.4456
6.7896 1.4457
6.7911 1.446
6.7925 1.4463
6.7939 1.4468
6.7953 1.4474
6.7967 1.4482
6.7981 1.449
6.7995 1.4499
6.801 1.4509
6.8024 1.452
6.8038 1.4532
6.8052 1.4544
6.8066 1.4557
6.808 1.457
6.8094 1.4583
6.8109 1.4597
6.8123 1.461
6.8137 1.4624
6.8151 1.4637
6.8165 1.465
6.8179 1.4663
6.8193 1.4675
6.8208 1.4686
6.8222 1.4697
6.8236 1.4707
6.825 1.4716
6.8264 1.4724
6.8278 1.4731
6.8292 1.4738
6.8307 1.4743
6.8321 1.4747
6.8335 1.4749
6.8349 1.4751
6.8363 1.4751
6.8377 1.475
6.8391 1.4748
6.8406 1.4744
6.842 1.474
6.8434 1.4734
6.8448 1.4726
6.8462 1.4717
6.8476 1.4707
6.849 1.4696
6.8505 1.4683
6.8519 1.4669
6.8533 1.4654
6.8547 1.4638
6.8561 1.462
6.8575 1.4601
6.8589 1.4581
6.8603 1.456
6.8618 1.4538
6.8632 1.4515
6.8646 1.4491
6.866 1.4466
6.8674 1.4441
6.8688 1.4414
6.8702 1.4386
6.8717 1.4358
6.8731 1.433
6.8745 1.43
6.8759 1.427
6.8773 1.424
6.8787 1.421
6.8801 1.4179
6.8816 1.4147
6.883 1.4116
6.8844 1.4085
6.8858 1.4053
6.8872 1.4022
6.8886 1.399
6.89 1.3959
6.8915 1.3928
6.8929 1.3897
6.8943 1.3866
6.8957 1.3836
6.8971 1.3806
6.8985 1.3776
6.8999 1.3747
6.9014 1.3718
6.9028 1.369
6.9042 1.3662
6.9056 1.3635
6.907 1.3608
6.9084 1.3582
6.9098 1.3557
6.9113 1.3532
6.9127 1.3508
6.9141 1.3484
6.9155 1.3461
6.9169 1.3438
6.9183 1.3417
6.9197 1.3396
6.9212 1.3375
6.9226 1.3355
6.924 1.3336
6.9254 1.3317
6.9268 1.33
6.9282 1.3282
6.9296 1.3266
6.9311 1.325
6.9325 1.3235
6.9339 1.322
6.9353 1.3206
6.9367 1.3192
6.9381 1.318
6.9395 1.3167
6.941 1.3156
6.9424 1.3145
6.9438 1.3134
6.9452 1.3124
6.9466 1.3115
6.948 1.3106
6.9494 1.3097
6.9509 1.3089
6.9523 1.3081
6.9537 1.3073
6.9551 1.3066
6.9565 1.3059
6.9579 1.3053
6.9593 1.3046
6.9608 1.304
6.9622 1.3034
6.9636 1.3029
6.965 1.3023
6.9664 1.3018
6.9678 1.3012
6.9692 1.3007
6.9707 1.3002
6.9721 1.2997
6.9735 1.2992
6.9749 1.2987
6.9763 1.2983
6.9777 1.2978
6.9791 1.2973
6.9806 1.2969
6.982 1.2964
6.9834 1.2959
6.9848 1.2954
6.9862 1.2949
6.9876 1.2945
6.989 1.2939
6.9905 1.2934
6.9919 1.2929
6.9933 1.2924
6.9947 1.2918
6.9961 1.2912
6.9975 1.2906
6.9989 1.29
7.0004 1.2893
7.0018 1.2886
7.0032 1.2878
7.0046 1.287
7.006 1.2862
7.0074 1.2854
7.0088 1.2845
7.0103 1.2835
7.0117 1.2825
7.0131 1.2815
7.0145 1.2804
7.0159 1.2793
7.0173 1.2781
7.0187 1.2769
7.0202 1.2756
7.0216 1.2743
7.023 1.2729
7.0244 1.2715
7.0258 1.2701
7.0272 1.2687
7.0286 1.2672
7.0301 1.2657
7.0315 1.2642
7.0329 1.2627
7.0343 1.2612
7.0357 1.2597
7.0371 1.2581
7.0385 1.2566
7.04 1.2551
7.0414 1.2537
7.0428 1.2522
7.0442 1.2507
7.0456 1.2493
7.047 1.2479
7.0484 1.2465
7.0499 1.2451
7.0513 1.2438
7.0527 1.2424
7.0541 1.2411
7.0555 1.2398
7.0569 1.2385
7.0583 1.2372
7.0598 1.2359
7.0612 1.2345
7.0626 1.2332
7.064 1.2318
7.0654 1.2304
7.0668 1.2289
7.0682 1.2274
7.0697 1.2258
7.0711 1.2242
7.0725 1.2225
7.0739 1.2207
7.0753 1.2188
7.0767 1.2168
7.0781 1.2148
7.0796 1.2126
7.081 1.2103
7.0824 1.2079
7.0838 1.2053
7.0852 1.2027
7.0866 1.1999
7.088 1.197
7.0895 1.1939
7.0909 1.1908
7.0923 1.1875
7.0937 1.184
7.0951 1.1805
7.0965 1.1768
7.0979 1.173
7.0994 1.1691
7.1008 1.1651
7.1022 1.1609
7.1036 1.1567
7.105 1.1524
7.1064 1.1479
7.1078 1.1434
7.1093 1.1388
7.1107 1.1341
7.1121 1.1294
7.1135 1.1246
7.1149 1.1197
7.1163 1.1148
7.1177 1.1098
7.1192 1.1047
7.1206 1.0997
7.122 1.0945
7.1234 1.0894
7.1248 1.0842
7.1262 1.079
7.1276 1.0738
7.1291 1.0685
7.1305 1.0632
7.1319 1.058
7.1333 1.0527
7.1347 1.0473
7.1361 1.042
7.1375 1.0366
7.139 1.0313
7.1404 1.0259
7.1418 1.0205
7.1432 1.0151
7.1446 1.0097
7.146 1.0042
7.1474 0.99876
7.1488 0.99328
7.1503 0.98779
7.1517 0.98227
7.1531 0.97673
7.1545 0.97117
7.1559 0.96559
7.1573 0.95998
7.1587 0.95435
7.1602 0.94869
7.1616 0.94301
7.163 0.9373
7.1644 0.93156
7.1658 0.9258
7.1672 0.92002
7.1686 0.9142
7.1701 0.90837
7.1715 0.90251
7.1729 0.89662
7.1743 0.89072
7.1757 0.88479
7.1771 0.87884
7.1785 0.87288
7.18 0.86689
7.1814 0.86089
7.1828 0.85488
7.1842 0.84886
7.1856 0.84283
7.187 0.83679
7.1884 0.83074
7.1899 0.82469
7.1913 0.81864
7.1927 0.81258
7.1941 0.80653
7.1955 0.80048
7.1969 0.79443
7.1983 0.78838
7.1998 0.78234
7.2012 0.77631
7.2026 0.77028
7.204 0.76426
7.2054 0.75825
7.2068 0.75225
7.2082 0.74625
7.2097 0.74027
7.2111 0.73429
7.2125 0.72832
7.2139 0.72236
7.2153 0.71641
7.2167 0.71047
7.2181 0.70454
7.2196 0.69862
7.221 0.6927
7.2224 0.6868
7.2238 0.6809
7.2252 0.67501
7.2266 0.66913
7.228 0.66326
7.2295 0.6574
7.2309 0.65154
7.2323 0.6457
7.2337 0.63986
7.2351 0.63404
7.2365 0.62822
7.2379 0.62242
7.2394 0.61662
7.2408 0.61083
7.2422 0.60506
7.2436 0.59929
7.245 0.59353
7.2464 0.58778
7.2478 0.58204
7.2493 0.57631
7.2507 0.57058
7.2521 0.56487
7.2535 0.55915
7.2549 0.55344
7.2563 0.54774
7.2577 0.54203
7.2592 0.53633
7.2606 0.53063
7.262 0.52493
7.2634 0.51923
7.2648 0.51352
7.2662 0.50781
7.2676 0.50209
7.2691 0.49637
7.2705 0.49064
7.2719 0.4849
7.2733 0.47916
7.2747 0.4734
7.2761 0.46764
7.2775 0.46186
7.279 0.45608
7.2804 0.45028
7.2818 0.44448
7.2832 0.43866
7.2846 0.43284
7.286 0.42701
7.2874 0.42117
7.2889 0.41532
7.2903 0.40947
7.2917 0.40361
7.2931 0.39774
7.2945 0.39188
7.2959 0.386
7.2973 0.38013
7.2988 0.37425
7.3002 0.36837
7.3016 0.36249
7.303 0.35661
7.3044 0.35073
7.3058 0.34485
7.3072 0.33898
7.3087 0.33312
7.3101 0.32726
7.3115 0.32142
7.3129 0.31559
7.3143 0.30978
7.3157 0.30399
7.3171 0.29822
7.3186 0.29248
7.32 0.28677
7.3214 0.2811
7.3228 0.27547
7.3242 0.26988
7.3256 0.26434
7.327 0.25885
7.3285 0.25341
7.3299 0.24803
7.3313 0.2427
7.3327 0.23744
7.3341 0.23225
7.3355 0.22712
7.3369 0.22206
7.3384 0.21707
7.3398 0.21216
7.3412 0.20732
7.3426 0.20255
7.344 0.19786
7.3454 0.19325
7.3468 0.18871
7.3483 0.18425
7.3497 0.17987
7.3511 0.17556
7.3525 0.17134
7.3539 0.16719
7.3553 0.16311
7.3567 0.15912
7.3582 0.15519
7.3596 0.15135
7.361 0.14757
7.3624 0.14387
7.3638 0.14024
7.3652 0.13667
7.3666 0.13318
7.3681 0.12975
7.3695 0.12639
7.3709 0.12309
7.3723 0.11986
7.3737 0.1167
7.3751 0.1136
7.3765 0.11057
7.378 0.1076
7.3794 0.10469
7.3808 0.10184
7.3822 0.099049
7.3836 0.096322
7.385 0.093657
7.3864 0.091053
7.3879 0.08851
7.3893 0.086027
7.3907 0.083588
7.3921 0.08118
7.3935 0.078812
7.3949 0.076493
7.3963 0.074229
7.3978 0.072024
7.3992 0.06988
7.4006 0.0678
7.402 0.065785
7.4034 0.063836
7.4048 0.061947
7.4062 0.060118
7.4077 0.058349
7.4091 0.056639
7.4105 0.054988
7.4119 0.053394
7.4133 0.051858
7.4147 0.050377
7.4161 0.048949
7.4176 0.047567
7.419 0.046222
7.4204 0.044909
7.4218 0.043626
7.4232 0.042374
7.4246 0.041061
7.426 0.039716
7.4274 0.038341
7.4289 0.037003
7.4303 0.035705
7.4317 0.034449
7.4331 0.033238
7.4345 0.032073
7.4359 0.030953
7.4373 0.029875
7.4388 0.02884
7.4402 0.027866
7.4416 0.02693
7.443 0.026026
7.4444 0.025153
7.4458 0.024308
7.4472 0.02349
7.4487 0.022716
7.4501 0.021989
7.4515 0.021308
7.4529 0.020669
7.4543 0.019979
7.4557 0.019323
7.4571 0.018604
7.4586 0.017925
7.46 0.017201
7.4614 0.016786
7.4628 0.016782
7.4642 0.016785
7.4656 0.016794
7.467 0.016807
7.4685 0.016821
7.4699 0.016831
7.4713 0.016836
7.4727 0.01684
7.4741 0.016829
7.4755 0.016609
7.4769 0.016045
7.4784 0.01538
7.4798 0.014752
7.4812 0.014158
7.4826 0.013604
7.484 0.013086
7.4854 0.012601
7.4868 0.01215
7.4883 0.011729
7.4897 0.011221
7.4911 0.01064
7.4925 0.010384
7.4939 0.010373
7.4953 0.010646
7.4967 0.011109
7.4982 0.011467
7.4996 0.011804
7.501 0.01206
7.5024 0.012172
7.5038 0.01218
7.5052 0.012085
7.5066 0.011984
7.5081 0.011882
7.5095 0.011772
7.5109 0.011653
7.5123 0.011345
7.5137 0.010865
7.5151 0.010673
7.5165 0.01048
7.518 0.0102
7.5194 0.0097691
7.5208 0.0098002
7.5222 0.010011
7.5236 0.010399
7.525 0.010779
7.5264 0.011059
7.5279 0.011327
7.5293 0.011502
7.5307 0.011738
7.5321 0.011931
7.5335 0.011933
7.5349 0.011786
7.5363 0.011464
7.5378 0.010975
7.5392 0.010404
7.5406 0.0099532
7.542 0.0096196
7.5434 0.0095504
7.5448 0.0097388
7.5462 0.010068
7.5477 0.010212
7.5491 0.010418
7.5505 0.010777
7.5519 0.011362
7.5533 0.012177
7.5547 0.012962
7.5561 0.01353
7.5576 0.013972
7.559 0.014339
7.5604 0.014543
7.5618 0.014675
7.5632 0.014794
7.5646 0.014906
7.566 0.014906
7.5675 0.014988
7.5689 0.015002
7.5703 0.014838
7.5717 0.014486
7.5731 0.013942
7.5745 0.013327
7.5759 0.012653
7.5774 0.011839
7.5788 0.010961
7.5802 0.010438
7.5816 0.010242
7.583 0.010261
7.5844 0.010254
7.5858 0.010238
7.5873 0.010149
7.5887 0.0098189
7.5901 0.0096811
7.5915 0.010042
7.5929 0.01053
7.5943 0.010969
7.5957 0.011218
7.5972 0.011268
7.5986 0.011122
7.6 0.011199
7.6014 0.01141
7.6028 0.011603
7.6042 0.011624
7.6056 0.011552
7.6071 0.011396
7.6085 0.011416
7.6099 0.011584
7.6113 0.011578
7.6127 0.011416
7.6141 0.011256
7.6155 0.011352
7.617 0.011266
7.6184 0.011021
7.6198 0.010695
7.6212 0.010611
7.6226 0.010704
7.624 0.010849
7.6254 0.011196
7.6269 0.011453
7.6283 0.01155
7.6297 0.011488
7.6311 0.011485
7.6325 0.011597
7.6339 0.011846
7.6353 0.012124
7.6368 0.012354
7.6382 0.012537
7.6396 0.012582
7.641 0.012447
7.6424 0.012053
7.6438 0.011818
7.6452 0.011721
7.6467 0.011873
7.6481 0.012016
7.6495 0.01187
7.6509 0.011322
7.6523 0.010698
7.6537 0.010274
7.6551 0.010128
7.6566 0.010221
7.658 0.010233
7.6594 0.010484
7.6608 0.010843
7.6622 0.011093
7.6636 0.011245
7.665 0.011125
7.6665 0.010996
7.6679 0.011074
7.6693 0.011153
7.6707 0.011225
7.6721 0.011189
7.6735 0.011002
7.6749 0.011046
7.6764 0.011347
7.6778 0.011617
7.6792 0.011779
7.6806 0.011645
7.682 0.011324
7.6834 0.010816
7.6848 0.010258
7.6863 0.0099139
7.6877 0.009865
7.6891 0.01011
7.6905 0.010652
7.6919 0.01111
7.6933 0.01171
7.6947 0.012122
7.6962 0.012698
7.6976 0.013075
7.699 0.013352
7.7004 0.013614
7.7018 0.013859
7.7032 0.014362
7.7046 0.014687
7.706 0.01501
7.7075 0.015339
7.7089 0.015553
7.7103 0.015646
7.7117 0.015732
7.7131 0.015613
7.7145 0.015374
7.7159 0.015008
7.7174 0.014652
7.7188 0.014307
7.7202 0.013972
7.7216 0.013645
7.723 0.013326
7.7244 0.012935
7.7258 0.012456
7.7273 0.011902
7.7287 0.011381
7.7301 0.011158
7.7315 0.011199
7.7329 0.011227
7.7343 0.011246
7.7357 0.011255
7.7372 0.011489
7.7386 0.0119
7.74 0.012297
7.7414 0.012684
7.7428 0.013063
7.7442 0.013437
7.7456 0.013812
7.7471 0.013994
7.7485 0.013983
7.7499 0.01374
7.7513 0.013422
7.7527 0.013112
7.7541 0.012811
7.7555 0.012399
7.757 0.011906
7.7584 0.011755
7.7598 0.011871
7.7612 0.011967
7.7626 0.012048
7.764 0.011934
7.7654 0.011635
7.7669 0.011238
7.7683 0.010841
7.7697 0.010598
7.7711 0.010486
7.7725 0.010294
7.7739 0.010413
7.7753 0.010733
7.7768 0.011262
7.7782 0.011661
7.7796 0.011805
7.781 0.011792
7.7824 0.011659
7.7838 0.011705
7.7852 0.011917
7.7867 0.012036
7.7881 0.011974
7.7895 0.011735
7.7909 0.011319
7.7923 0.010923
7.7937 0.010462
7.7951 0.0099156
7.7966 0.0096741
7.798 0.0098964
7.7994 0.01056
7.8008 0.011101
7.8022 0.01153
7.8036 0.01188
7.805 0.012228
7.8065 0.01248
7.8079 0.012538
7.8093 0.012598
7.8107 0.012658
7.8121 0.012714
7.8135 0.012767
7.8149 0.012611
7.8164 0.01214
7.8178 0.011983
7.8192 0.012086
7.8206 0.012187
7.822 0.012288
7.8234 0.012221
7.8248 0.011709
7.8263 0.0112
7.8277 0.011045
7.8291 0.011227
7.8305 0.011315
7.8319 0.011311
7.8333 0.011303
7.8347 0.01153
7.8362 0.011955
7.8376 0.01265
7.839 0.013319
7.8404 0.013829
7.8418 0.014177
7.8432 0.014191
7.8446 0.013899
7.8461 0.01354
7.8475 0.013113
7.8489 0.012531
7.8503 0.011867
7.8517 0.011512
7.8531 0.011421
7.8545 0.011589
7.856 0.011784
7.8574 0.011919
7.8588 0.012088
7.8602 0.012116
7.8616 0.012481
7.863 0.013048
7.8644 0.013785
7.8659 0.014398
7.8673 0.014894
7.8687 0.015383
7.8701 0.015865
7.8715 0.016222
7.8729 0.016561
7.8743 0.016884
7.8758 0.016992
7.8772 0.016724
7.8786 0.016463
7.88 0.016208
7.8814 0.01596
7.8828 0.015718
7.8842 0.015483
7.8857 0.015254
7.8871 0.015027
7.8885 0.014585
7.8899 0.014151
7.8913 0.013656
7.8927 0.013065
7.8941 0.012391
7.8956 0.011543
7.897 0.010777
7.8984 0.010084
7.8998 0.0097179
7.9012 0.0095888
7.9026 0.0098847
7.904 0.010291
7.9055 0.010778
7.9069 0.011293
7.9083 0.01142
7.9097 0.011387
7.9111 0.011226
7.9125 0.011002
7.9139 0.011036
7.9154 0.011228
7.9168 0.011333
7.9182 0.01137
7.9196 0.011318
7.921 0.011172
7.9224 0.011033
7.9238 0.010901
7.9253 0.010777
7.9267 0.010582
7.9281 0.010393
7.9295 0.01036
7.9309 0.010507
7.9323 0.010836
7.9337 0.011343
7.9352 0.011742
7.9366 0.012026
7.938 0.012275
7.9394 0.012329
7.9408 0.01237
7.9422 0.012398
7.9436 0.01241
7.9451 0.012411
7.9465 0.012301
7.9479 0.012009
7.9493 0.01182
7.9507 0.011811
7.9521 0.011782
7.9535 0.011658
7.955 0.011427
7.9564 0.011097
7.9578 0.010775
7.9592 0.010368
7.9606 0.010086
7.962 0.010002
7.9634 0.010114
7.9649 0.010398
7.9663 0.010682
7.9677 0.010804
7.9691 0.010639
7.9705 0.010384
7.9719 0.010312
7.9733 0.010424
7.9748 0.010395
7.9762 0.010653
7.9776 0.01107
7.979 0.011347
7.9804 0.011454
7.9818 0.011465
7.9832 0.011298
7.9846 0.011395
7.9861 0.011635
7.9875 0.011792
7.9889 0.011964
7.9903 0.012137
7.9917 0.012196
7.9931 0.012059
7.9945 0.011724
7.996 0.011307
7.9974 0.011183
7.9988 0.011337
8.0002 0.011723
8.0016 0.011925
8.003 0.011968
8.0044 0.011752
8.0059 0.011626
8.0073 0.011652
8.0087 0.011716
8.0101 0.011536
8.0115 0.011207
8.0129 0.010751
8.0143 0.010478
8.0158 0.010479
8.0172 0.010734
8.0186 0.011252
8.02 0.011792
8.0214 0.012267
8.0228 0.012821
8.0242 0.013369
8.0257 0.013854
8.0271 0.013987
8.0285 0.013945
8.0299 0.013527
8.0313 0.01295
8.0327 0.012588
8.0341 0.012226
8.0356 0.01178
8.037 0.011235
8.0384 0.010608
8.0398 0.010011
8.0412 0.0096593
8.0426 0.009504
8.044 0.0098092
8.0455 0.010419
8.0469 0.011076
8.0483 0.01143
8.0497 0.011604
8.0511 0.011628
8.0525 0.011534
8.0539 0.011166
8.0554 0.010551
8.0568 0.010089
8.0582 0.009829
8.0596 0.0097245
8.061 0.0097891
8.0624 0.0098639
8.0638 0.010037
8.0653 0.010284
8.0667 0.010633
8.0681 0.011147
8.0695 0.011509
8.0709 0.011535
8.0723 0.011266
8.0737 0.010997
8.0752 0.010687
8.0766 0.01058
8.078 0.010407
8.0794 0.010443
8.0808 0.010572
8.0822 0.010889
8.0836 0.011039
8.0851 0.010927
8.0865 0.01056
8.0879 0.010004
8.0893 0.0097745
8.0907 0.0098314
8.0921 0.01006
8.0935 0.010359
8.095 0.010788
8.0964 0.011057
8.0978 0.011272
8.0992 0.011396
8.1006 0.011714
8.102 0.012295
8.1034 0.012999
8.1049 0.013517
8.1063 0.013937
8.1077 0.014156
8.1091 0.014014
8.1105 0.013825
8.1119 0.013633
8.1133 0.013693
8.1148 0.013936
8.1162 0.014348
8.1176 0.014655
8.119 0.014845
8.1204 0.015015
8.1218 0.015062
8.1232 0.015088
8.1247 0.015094
8.1261 0.014803
8.1275 0.014258
8.1289 0.013724
8.1303 0.013135
8.1317 0.012572
8.1331 0.012035
8.1346 0.011523
8.136 0.011035
8.1374 0.010474
8.1388 0.0099414
8.1402 0.0097218
8.1416 0.010126
8.143 0.01083
8.1445 0.011376
8.1459 0.011726
8.1473 0.011961
8.1487 0.012187
8.1501 0.012326
8.1515 0.012343
8.1529 0.01235
8.1544 0.012347
8.1558 0.012336
8.1572 0.012317
8.1586 0.012205
8.16 0.011925
8.1614 0.011777
8.1628 0.01188
8.1643 0.011906
8.1657 0.011831
8.1671 0.011557
8.1685 0.011171
8.1699 0.011106
8.1713 0.011039
8.1727 0.01097
8.1742 0.010821
8.1756 0.010686
8.177 0.010566
8.1784 0.010457
8.1798 0.010359
8.1812 0.01027
8.1826 0.010189
8.1841 0.010112
8.1855 0.010038
8.1869 0.010244
8.1883 0.01104
8.1897 0.011783
8.1911 0.012455
8.1925 0.013043
8.194 0.013655
8.1954 0.014214
8.1968 0.01473
8.1982 0.01528
8.1996 0.015871
8.201 0.016695
8.2024 0.017581
8.2039 0.018444
8.2053 0.019384
8.2067 0.020414
8.2081 0.021544
8.2095 0.02279
8.2109 0.024169
8.2123 0.025702
8.2138 0.027411
8.2152 0.029239
8.2166 0.031324
8.218 0.033701
8.2194 0.036413
8.2208 0.039505
8.2222 0.043025
8.2237 0.047022
8.2251 0.051395
8.2265 0.056344
8.2279 0.061916
8.2293 0.068154
8.2307 0.075097
8.2321 0.08278
8.2336 0.091229
8.235 0.10046
8.2364 0.11033
8.2378 0.121
8.2392 0.13245
8.2406 0.14468
8.242 0.15764
8.2435 0.1713
8.2449 0.18563
8.2463 0.20055
8.2477 0.21603
8.2491 0.232
8.2505 0.2484
8.2519 0.26517
8.2534 0.28225
8.2548 0.29958
8.2562 0.31711
8.2576 0.33478
8.259 0.35255
8.2604 0.36976
8.2618 0.38692
8.2632 0.404
8.2647 0.42097
8.2661 0.4378
8.2675 0.45446
8.2689 0.47095
8.2703 0.48725
8.2717 0.50336
8.2731 0.51928
8.2746 0.53502
8.276 0.55059
8.2774 0.56599
8.2788 0.58123
8.2802 0.59634
8.2816 0.61131
8.283 0.62612
8.2845 0.64085
8.2859 0.65553
8.2873 0.67015
8.2887 0.68473
8.2901 0.69925
8.2915 0.71372
8.2929 0.72813
8.2944 0.74247
8.2958 0.75672
8.2972 0.77087
8.2986 0.78491
8.3 0.79882
8.3014 0.81258
8.3028 0.8262
8.3043 0.83965
8.3057 0.85293
8.3071 0.86604
8.3085 0.87898
8.3099 0.89175
8.3113 0.90435
8.3127 0.9168
8.3142 0.9291
8.3156 0.94125
8.317 0.95328
8.3184 0.96518
8.3198 0.97698
8.3212 0.98868
8.3226 1.0003
8.3241 1.0118
8.3255 1.0232
8.3269 1.0345
8.3283 1.0457
8.3297 1.0568
8.3311 1.0677
8.3325 1.0785
8.334 1.0891
8.3354 1.0995
8.3368 1.1097
8.3382 1.1197
8.3396 1.1295
8.341 1.1389
8.3424 1.1481
8.3439 1.1569
8.3453 1.1654
8.3467 1.1736
8.3481 1.1814
8.3495 1.1888
8.3509 1.1958
8.3523 1.2024
8.3538 1.2086
8.3552 1.2143
8.3566 1.2197
8.358 1.2247
8.3594 1.2293
8.3608 1.2334
8.3622 1.2373
8.3637 1.2407
8.3651 1.2439
8.3665 1.2467
8.3679 1.2492
8.3693 1.2514
8.3707 1.2534
8.3721 1.2552
8.3736 1.2568
8.375 1.2582
8.3764 1.2594
8.3778 1.2606
8.3792 1.2616
8.3806 1.2626
8.382 1.2635
8.3835 1.2643
8.3849 1.2652
8.3863 1.266
8.3877 1.2669
8.3891 1.2677
8.3905 1.2686
8.3919 1.2696
8.3934 1.2705
8.3948 1.2715
8.3962 1.2726
8.3976 1.2737
8.399 1.2749
8.4004 1.2761
8.4018 1.2773
8.4033 1.2786
8.4047 1.2799
8.4061 1.2812
8.4075 1.2826
8.4089 1.284
8.4103 1.2854
8.4117 1.2868
8.4132 1.2882
8.4146 1.2896
8.416 1.2911
8.4174 1.2925
8.4188 1.2939
8.4202 1.2953
8.4216 1.2966
8.4231 1.298
8.4245 1.2994
8.4259 1.3007
8.4273 1.302
8.4287 1.3034
8.4301 1.3047
8.4315 1.3061
8.433 1.3074
8.4344 1.3088
8.4358 1.3101
8.4372 1.3116
8.4386 1.313
8.44 1.3144
8.4414 1.3159
8.4429 1.3175
8.4443 1.3191
8.4457 1.3207
8.4471 1.3224
8.4485 1.3241
8.4499 1.3259
8.4513 1.3277
8.4528 1.3296
8.4542 1.3315
8.4556 1.3334
8.457 1.3354
8.4584 1.3375
8.4598 1.3395
8.4612 1.3416
8.4627 1.3437
8.4641 1.3458
8.4655 1.3479
8.4669 1.35
8.4683 1.3521
8.4697 1.3542
8.4711 1.3563
8.4726 1.3584
8.474 1.3604
8.4754 1.3624
8.4768 1.3643
8.4782 1.3662
8.4796 1.3681
8.481 1.3699
8.4825 1.3716
8.4839 1.3733
8.4853 1.3749
8.4867 1.3765
8.4881 1.378
8.4895 1.3794
8.4909 1.3808
8.4924 1.3821
8.4938 1.3833
8.4952 1.3845
8.4966 1.3857
8.498 1.3867
8.4994 1.3877
8.5008 1.3887
8.5023 1.3896
8.5037 1.3904
8.5051 1.3911
8.5065 1.3918
8.5079 1.3925
8.5093 1.3931
8.5107 1.3936
8.5122 1.3941
8.5136 1.3945
8.515 1.3948
8.5164 1.3951
8.5178 1.3953
8.5192 1.3954
8.5206 1.3955
8.5221 1.3955
8.5235 1.3955
8.5249 1.3954
8.5263 1.3952
8.5277 1.395
8.5291 1.3948
8.5305 1.3945
8.532 1.3941
8.5334 1.3937
8.5348 1.3933
8.5362 1.3928
8.5376 1.3923
8.539 1.3918
8.5404 1.3913
8.5418 1.3908
8.5433 1.3903
8.5447 1.3898
8.5461 1.3893
8.5475 1.3889
8.5489 1.3885
8.5503 1.3882
8.5517 1.3879
8.5532 1.3877
8.5546 1.3876
8.556 1.3876
8.5574 1.3876
8.5588 1.3878
8.5602 1.3881
8.5616 1.3885
8.5631 1.389
8.5645 1.3896
8.5659 1.3902
8.5673 1.391
8.5687 1.3918
8.5701 1.3928
8.5715 1.3938
8.573 1.3948
8.5744 1.396
8.5758 1.3972
8.5772 1.3984
8.5786 1.3997
8.58 1.401
8.5814 1.4024
8.5829 1.4037
8.5843 1.4051
8.5857 1.4065
8.5871 1.4079
8.5885 1.4093
8.5899 1.4106
8.5913 1.412
8.5928 1.4133
8.5942 1.4145
8.5956 1.4157
8.597 1.4169
8.5984 1.418
8.5998 1.419
8.6012 1.42
8.6027 1.4209
8.6041 1.4217
8.6055 1.4225
8.6069 1.4232
8.6083 1.4238
8.6097 1.4243
8.6111 1.4247
8.6126 1.4251
8.614 1.4253
8.6154 1.4255
8.6168 1.4256
8.6182 1.4256
8.6196 1.4255
8.621 1.4253
8.6225 1.4251
8.6239 1.4247
8.6253 1.4243
8.6267 1.4238
8.6281 1.4231
8.6295 1.4224
8.6309 1.4216
8.6324 1.4207
8.6338 1.4198
8.6352 1.4187
8.6366 1.4176
8.638 1.4163
8.6394 1.415
8.6408 1.4136
8.6423 1.4121
8.6437 1.4105
8.6451 1.4088
8.6465 1.407
8.6479 1.4052
8.6493 1.4032
8.6507 1.4012
8.6522 1.3991
8.6536 1.3969
8.655 1.3946
8.6564 1.3922
8.6578 1.3897
8.6592 1.3871
8.6606 1.3845
8.6621 1.3818
8.6635 1.3789
8.6649 1.376
8.6663 1.373
8.6677 1.37
8.6691 1.3668
8.6705 1.3636
8.672 1.3603
8.6734 1.3569
8.6748 1.3534
8.6762 1.3499
8.6776 1.3463
8.679 1.3426
8.6804 1.3389
8.6819 1.335
8.6833 1.3312
8.6847 1.3272
8.6861 1.3232
8.6875 1.3192
8.6889 1.315
8.6903 1.3109
8.6918 1.3067
8.6932 1.3024
8.6946 1.2981
8.696 1.2937
8.6974 1.2893
8.6988 1.2849
8.7002 1.2804
8.7017 1.2759
8.7031 1.2713
8.7045 1.2668
8.7059 1.2622
8.7073 1.2575
8.7087 1.2529
8.7101 1.2482
8.7116 1.2435
8.713 1.2387
8.7144 1.234
8.7158 1.2292
8.7172 1.2244
8.7186 1.2196
8.72 1.2148
8.7215 1.21
8.7229 1.2051
8.7243 1.2003
8.7257 1.1954
8.7271 1.1905
8.7285 1.1856
8.7299 1.1807
8.7314 1.1757
8.7328 1.1708
8.7342 1.1658
8.7356 1.1608
8.737 1.1558
8.7384 1.1507
8.7398 1.1457
8.7413 1.1406
8.7427 1.1355
8.7441 1.1304
8.7455 1.1253
8.7469 1.1201
8.7483 1.1149
8.7497 1.1097
8.7512 1.1045
8.7526 1.0992
8.754 1.0939
8.7554 1.0886
8.7568 1.0832
8.7582 1.0778
8.7596 1.0724
8.7611 1.067
8.7625 1.0615
8.7639 1.056
8.7653 1.0505
8.7667 1.045
8.7681 1.0394
8.7695 1.0339
8.771 1.0283
8.7724 1.0226
8.7738 1.017
8.7752 1.0113
8.7766 1.0057
8.778 0.99997
8.7794 0.99427
8.7809 0.98855
8.7823 0.98282
8.7837 0.97708
8.7851 0.97132
8.7865 0.96556
8.7879 0.95979
8.7893 0.95401
8.7908 0.94822
8.7922 0.94243
8.7936 0.93663
8.795 0.93082
8.7964 0.925
8.7978 0.91918
8.7992 0.91335
8.8007 0.90751
8.8021 0.90166
8.8035 0.8958
8.8049 0.88994
8.8063 0.88406
8.8077 0.87817
8.8091 0.87227
8.8106 0.86635
8.812 0.86042
8.8134 0.85447
8.8148 0.8485
8.8162 0.84252
8.8176 0.83651
8.819 0.83049
8.8204 0.82444
8.8219 0.81837
8.8233 0.81227
8.8247 0.80614
8.8261 0.79999
8.8275 0.79381
8.8289 0.78759
8.8303 0.78135
8.8318 0.77507
8.8332 0.76875
8.8346 0.7624
8.836 0.75601
8.8374 0.74958
8.8388 0.74312
8.8402 0.73661
8.8417 0.73006
8.8431 0.72346
8.8445 0.71682
8.8459 0.71014
8.8473 0.7034
8.8487 0.69662
8.8501 0.68979
8.8516 0.68291
8.853 0.67599
8.8544 0.66901
8.8558 0.66197
8.8572 0.65489
8.8586 0.64775
8.86 0.64055
8.8615 0.63329
8.8629 0.62598
8.8643 0.61861
8.8657 0.61117
8.8671 0.60368
8.8685 0.59612
8.8699 0.5885
8.8714 0.58082
8.8728 0.57308
8.8742 0.56528
8.8756 0.55742
8.877 0.54951
8.8784 0.54156
8.8798 0.53355
8.8813 0.52551
8.8827 0.51742
8.8841 0.50931
8.8855 0.50117
8.8869 0.493
8.8883 0.48482
8.8897 0.47663
8.8912 0.46843
8.8926 0.46024
8.894 0.45205
8.8954 0.44387
8.8968 0.43571
8.8982 0.42757
8.8996 0.41946
8.9011 0.41138
8.9025 0.40334
8.9039 0.39535
8.9053 0.38739
8.9067 0.37949
8.9081 0.37164
8.9095 0.36385
8.911 0.35611
8.9124 0.34844
8.9138 0.34084
8.9152 0.3333
8.9166 0.32583
8.918 0.31844
8.9194 0.31113
8.9209 0.30389
8.9223 0.29673
8.9237 0.28966
8.9251 0.28267
8.9265 0.27578
8.9279 0.26896
8.9293 0.26225
8.9308 0.25562
8.9322 0.24909
8.9336 0.24265
8.935 0.23631
8.9364 0.23007
8.9378 0.22393
8.9392 0.21789
8.9407 0.21196
8.9421 0.20612
8.9435 0.20039
8.9449 0.19477
8.9463 0.18924
8.9477 0.18383
8.9491 0.17852
8.9506 0.17331
8.952 0.16821
8.9534 0.16321
8.9548 0.15832
8.9562 0.15353
8.9576 0.14884
8.959 0.14426
8.9605 0.13977
8.9619 0.13539
8.9633 0.1311
8.9647 0.12691
8.9661 0.12282
8.9675 0.11882
8.9689 0.11492
8.9704 0.11111
8.9718 0.1074
8.9732 0.10377
8.9746 0.10024
8.976 0.096801
8.9774 0.093449
8.9788 0.090185
8.9803 0.087008
8.9817 0.083914
8.9831 0.080902
8.9845 0.077967
8.9859 0.075105
8.9873 0.072316
8.9887 0.069597
8.9902 0.06695
8.9916 0.064375
8.993 0.061871
8.9944 0.05944
8.9958 0.057081
8.9972 0.054794
8.9986 0.052559
