0 0
0.0014142 0
0.0028284 0
0.0042426 0
0.0056569 0
0.0070711 0
0.0084853 0
0.0098995 0
0.011314 0
0.012728 0
0.014142 0
0.015556 0
0.016971 0
0.018385 0
0.019799 0
0.021213 0
0.022627 0
0.024042 0
0.025456 0
0.02687 0
0.028284 0
0.029698 0
0.031113 0
0.032527 0
0.033941 0
0.035355 0
0.03677 0
0.038184 0
0.039598 0
0.041012 0
0.042426 0
0.043841 0
0.045255 0
0.046669 0
0.048083 0
0.049497 0
0.050912 0
0.052326 0
0.05374 0
0.055154 0
0.056569 0
0.057983 0
0.059397 0
0.060811 0
0.062225 0
0.06364 0
0.065054 0
0.066468 0
0.067882 0
0.069296 0
0.070711 0
0.072125 0
0.073539 0
0.074953 0
0.076368 0
0.077782 0
0.079196 0
0.08061 0
0.082024 0
0.083439 0
0.084853 0
0.086267 0
0.087681 0
0.089095 0
0.09051 0
0.091924 0
0.093338 0
0.094752 0
0.096167 0
0.097581 0
0.098995 0
0.10041 0
0.10182 0
0.10324 0
0.10465 0
0.10607 0
0.10748 0
0.10889 0
0.11031 0
0.11172 0
0.11314 0
0.11455 0
0.11597 0
0.11738 0
0.11879 0
0.12021 0
0.12162 0
0.12304 0
0.12445 0
0.12587 0
0.12728 0
0.12869 0
0.13011 0
0.13152 0
0.13294 0
0.13435 0
0.13576 0
0.13718 0
0.13859 0
0.14001 0
0.14142 0
0.14284 0
0.14425 0
0.14566 0
0.14708 0
0.14849 0
0.14991 0
0.15132 0
0.15274 0
0.15415 0
0.15556 0
0.15698 0
0.15839 0
0.15981 0
0.16122 0
0.16263 0
0.16405 0
0.16546 0
0.16688 0
0.16829 0
0.16971 0
0.17112 0
0.17253 0
0.17395 0
0.17536 0
0.17678 0
0.17819 0
0.17961 0
0.18102 0
0.18243 0
0.18385 0
0.18526 0
0.18668 0
0.18809 0
0.1895 0
0.19092 0
0.19233 0
0.19375 0
0.19516 0
0.19658 0
0.19799 0
0.1994 0
0.20082 0
0.20223 0
0.20365 0
0.20506 0
0.20648 0
0.20789 0
0.2093 0
0.21072 0
0.21213 0
0.21355 0
0.21496 0
0.21637 0
0.21779 0
0.2192 0
0.22062 0
0.22203 0
0.22345 0
0.22486 0
0.22627 0
0.22769 0
0.2291 0
0.23052 0
0.23193 0
0.23335 0
0.23476 0
0.23617 0
0.23759 0
0.239 0
0.24042 0
0.24183 0
0.24324 0
0.24466 0
0.24607 0
0.24749 0
0.2489 0
0.25032 0
0.25173 0
0.25314 0
0.25456 0
0.25597 0
0.25739 0
0.2588 0
0.26022 0
0.26163 0
0.26304 0
0.26446 0
0.26587 0
0.26729 0
0.2687 0
0.27011 0
0.27153 0
0.27294 0
0.27436 0
0.27577 0
0.27719 0
0.2786 0
0.28001 0
0.28143 0
0.28284 0
0.28426 0
0.28567 0
0.28709 0
0.2885 0
0.28991 0
0.29133 0
0.29274 0
0.29416 0
0.29557 0
0.29698 0
0.2984 0
0.29981 0
0.30123 0
0.30264 0
0.30406 0
0.30547 0
0.30688 0
0.3083 0
0.30971 0
0.31113 0
0.31254 0
0.31396 0
0.31537 0
0.31678 0
0.3182 0
0.31961 0
0.32103 0
0.32244 0
0.32385 0
0.32527 0
0.32668 0
0.3281 0
0.32951 0
0.33093 0
0.33234 0
0.33375 0
0.33517 0
0.33658 0
0.338 0
0.33941 0
0.34083 0
0.34224 0
0.34365 0
0.34507 0
0.34648 0
0.3479 0
0.34931 0
0.35072 0
0.35214 0
0.35355 0
0.35497 0
0.35638 0
0.3578 0
0.35921 0
0.36062 0
0.36204 0
0.36345 0
0.36487 0
0.36628 0
0.3677 0
0.36911 0
0.37052 0
0.37194 0
0.37335 0
0.37477 0
0.37618 0
0.3776 0
0.37901 0
0.38042 0
0.38184 0
0.38325 0
0.38467 0
0.38608 0
0.38749 0
0.38891 0
0.39032 0
0.39174 0
0.39315 0
0.39457 0
0.39598 0
0.39739 0
0.39881 0
0.40022 0
0.40164 0
0.40305 0
0.40447 0
0.40588 0
0.40729 0
0.40871 0
0.41012 0
0.41154 0
0.41295 0
0.41436 0
0.41578 0
0.41719 0
0.41861 0
0.42002 0
0.42144 0
0.42285 0
0.42426 0
0.42568 0
0.42709 0
0.42851 0
0.42992 0
0.43134 0
0.43275 0
0.43416 0
0.43558 0
0.43699 0
0.43841 0
0.43982 0
0.44123 0
0.44265 0
0.44406 0
0.44548 0
0.44689 0
0.44831 0
0.44972 0
0.45113 0
0.45255 0
0.45396 0
0.45538 0
0.45679 0
0.45821 0
0.45962 0
0.46103 0
0.46245 0
0.46386 0
0.46528 0
0.46669 0
0.4681 0
0.46952 0
0.47093 0
0.47235 0
0.47376 0
0.47518 0
0.47659 0
0.478 0
0.47942 0
0.48083 0
0.48225 0
0.48366 0
0.48508 0
0.48649 0
0.4879 0
0.48932 0
0.49073 0
0.49215 0
0.49356 0
0.49497 0
0.49639 0
0.4978 0
0.49922 0
0.50063 0
0.50205 0
0.50346 0
0.50487 0
0.50629 0
0.5077 0
0.50912 0
0.51053 0
0.51195 0
0.51336 0
0.51477 0
0.51619 0
0.5176 0
0.51902 0
0.52043 0
0.52184 0
0.52326 0
0.52467 0
0.52609 0
0.5275 0
0.52892 0
0.53033 0
0.53174 0
0.53316 0
0.53457 0
0.53599 0
0.5374 0
0.53882 0
0.54023 0
0.54164 0
0.54306 0
0.54447 0
0.54589 0
0.5473 0
0.54871 0
0.55013 0
0.55154 0
0.55296 0
0.55437 0
0.55579 0
0.5572 0
0.55861 0
0.56003 0
0.56144 0
0.56286 0
0.56427 0
0.56569 0
0.5671 0
0.56851 0
0.56993 0
0.57134 0
0.57276 0
0.57417 0
0.57558 0
0.577 0
0.57841 0
0.57983 0
0.58124 0
0.58266 0
0.58407 0
0.58548 0
0.5869 0
0.58831 0
0.58973 0
0.59114 0
0.59256 0
0.59397 0
0.59538 0
0.5968 0
0.59821 0
0.59963 0
0.60104 0
0.60245 0
0.60387 0
0.60528 0
0.6067 0
0.60811 0
0.60953 0
0.61094 0
0.61235 0
0.61377 0
0.61518 0
0.6166 0
0.61801 0
0.61943 0
0.62084 0
0.62225 0
0.62367 0
0.62508 0
0.6265 0
0.62791 0
0.62933 0
0.63074 0
0.63215 0
0.63357 0
0.63498 0
0.6364 0
0.63781 0
0.63922 0
0.64064 0
0.64205 0
0.64347 0
0.64488 0
0.6463 0
0.64771 0
0.64912 0
0.65054 0
0.65195 0
0.65337 0
0.65478 0
0.6562 0
0.65761 0
0.65902 0
0.66044 0
0.66185 0
0.66327 0
0.66468 0
0.66609 0
0.66751 0
0.66892 0
0.67034 0
0.67175 0
0.67317 0
0.67458 0
0.67599 0
0.67741 0
0.67882 0
0.68024 0
0.68165 0
0.68307 0
0.68448 0
0.68589 0
0.68731 0
0.68872 0
0.69014 0
0.69155 0
0.69296 0
0.69438 0
0.69579 0
0.69721 0
0.69862 0
0.70004 0
0.70145 0
0.70286 0
0.70428 0
0.70569 0
0.70711 0
0.70852 0
0.70994 0
0.71135 0
0.71276 0
0.71418 0
0.71559 0
0.71701 0
0.71842 0
0.71983 0
0.72125 0
0.72266 0
0.72408 0
0.72549 0
0.72691 0
0.72832 0
0.72973 0
0.73115 0
0.73256 0
0.73398 0
0.73539 0
0.73681 0
0.73822 0
0.73963 0
0.74105 0
0.74246 0
0.74388 0
0.74529 0
0.7467 0
0.74812 0
0.74953 0
0.75095 0
0.75236 0
0.75378 0
0.75519 0
0.7566 0
0.75802 0
0.75943 0
0.76085 0
0.76226 0
0.76368 0
0.76509 0
0.7665 0
0.76792 0
0.76933 0
0.77075 0
0.77216 0
0.77357 0
0.77499 0
0.7764 0
0.77782 0
0.77923 0
0.78065 0
0.78206 0
0.78347 0
0.78489 0
0.7863 0
0.78772 0
0.78913 0
0.79055 0
0.79196 0
0.79337 0
0.79479 0
0.7962 0
0.79762 0
0.79903 0
0.80044 0
0.80186 0
0.80327 0
0.80469 0
0.8061 0
0.80752 0
0.80893 0
0.81034 0
0.81176 0
0.81317 0
0.81459 0
0.816 0
0.81742 0
0.81883 0
0.82024 0
0.82166 0
0.82307 0
0.82449 0
0.8259 0
0.82731 0
0.82873 0
0.83014 0
0.83156 0
0.83297 0
0.83439 0
0.8358 0
0.83721 0
0.83863 0
0.84004 0
0.84146 0
0.84287 0
0.84429 0
0.8457 0
0.84711 0
0.84853 0
0.84994 0
0.85136 0
0.85277 0
0.85418 0
0.8556 0
0.85701 0
0.85843 0
0.85984 0
0.86126 0
0.86267 0
0.86408 0
0.8655 0
0.86691 0
0.86833 0
0.86974 0
0.87116 0
0.87257 0
0.87398 0
0.8754 0
0.87681 0
0.87823 0
0.87964 0
0.88106 0
0.88247 0
0.88388 0
0.8853 0
0.88671 0
0.88813 0
0.88954 0
0.89095 0
0.89237 0
0.89378 0
0.8952 0
0.89661 0
0.89803 0
0.89944 0
0.90085 0
0.90227 0
0.90368 0
0.9051 0
0.90651 0
0.90793 0
0.90934 0
0.91075 0
0.91217 0
0.91358 0
0.915 0
0.91641 0
0.91782 0
0.91924 0
0.92065 0
0.92207 0
0.92348 0
0.9249 0
0.92631 0
0.92772 0
0.92914 0
0.93055 0
0.93197 0
0.93338 0
0.9348 0
0.93621 0
0.93762 0
0.93904 0
0.94045 0
0.94187 0
0.94328 0
0.94469 0
0.94611 0
0.94752 0
0.94894 0
0.95035 0
0.95177 0
0.95318 0
0.95459 0
0.95601 0
0.95742 0
0.95884 0
0.96025 0
0.96167 0
0.96308 0
0.96449 0
0.96591 0
0.96732 0
0.96874 0
0.97015 0
0.97156 0
0.97298 0
0.97439 0
0.97581 0
0.97722 0
0.97864 0
0.98005 0
0.98146 0
0.98288 0
0.98429 0
0.98571 0
0.98712 0
0.98854 0
0.98995 0
0.99136 0
0.99278 0
0.99419 0
0.99561 0
0.99702 0
0.99843 0
0.99985 0
1.0013 0
1.0027 0
1.0041 0
1.0055 0
1.0069 0
1.0083 0
1.0097 0
1.0112 0
1.0126 0
1.014 0
1.0154 0
1.0168 0
1.0182 0
1.0196 0
1.0211 0
1.0225 0
1.0239 0
1.0253 0
1.0267 0
1.0281 0
1.0295 0
1.031 0
1.0324 0
1.0338 0
1.0352 0
1.0366 0
1.038 0
1.0394 0
1.0409 0
1.0423 0
1.0437 0
1.0451 0
1.0465 0
1.0479 0
1.0493 0
1.0508 0
1.0522 0
1.0536 0
1.055 0
1.0564 0
1.0578 0
1.0592 0
1.0607 0
1.0621 0
1.0635 0
1.0649 0
1.0663 0
1.0677 0
1.0691 0
1.0706 0
1.072 0
1.0734 0
1.0748 0
1.0762 0
1.0776 0
1.079 0
1.0805 0
1.0819 0
1.0833 0
1.0847 0
1.0861 0
1.0875 0
1.0889 0
1.0904 0
1.0918 0
1.0932 0
1.0946 0
1.096 0
1.0974 0
1.0988 0
1.1003 0
1.1017 0
1.1031 0
1.1045 0
1.1059 0
1.1073 0
1.1087 0
1.1102 0
1.1116 0
1.113 0
1.1144 0
1.1158 0
1.1172 0
1.1186 0
1.1201 0
1.1215 0
1.1229 0
1.1243 0
1.1257 0
1.1271 0
1.1285 0
1.13 0
1.1314 0
1.1328 0
1.1342 0
1.1356 0
1.137 0
1.1384 0
1.1399 0
1.1413 0
1.1427 0
1.1441 0
1.1455 0
1.1469 0
1.1483 0
1.1498 0
1.1512 0
1.1526 0
1.154 0
1.1554 0
1.1568 0
1.1582 0
1.1597 0
1.1611 0
1.1625 0
1.1639 0
1.1653 0
1.1667 0
1.1681 0
1.1696 0
1.171 0
1.1724 0
1.1738 0
1.1752 0
1.1766 0
1.178 0
1.1795 0
1.1809 0
1.1823 0
1.1837 0
1.1851 0
1.1865 0
1.1879 0
1.1894 0
1.1908 0
1.1922 0
1.1936 0
1.195 0
1.1964 0
1.1978 0
1.1993 0
1.2007 0
1.2021 0
1.2035 0
1.2049 0
1.2063 0
1.2077 0
1.2092 0
1.2106 0
1.212 0
1.2134 0
1.2148 0
1.2162 0
1.2176 0
1.2191 0
1.2205 0
1.2219 0
1.2233 0
1.2247 0
1.2261 0
1.2275 0
1.229 0
1.2304 0
1.2318 0
1.2332 0
1.2346 0
1.236 0
1.2374 0
1.2389 0
1.2403 0
1.2417 0
1.2431 0
1.2445 0
1.2459 0
1.2473 0
1.2488 0
1.2502 0
1.2516 0
1.253 0
1.2544 0
1.2558 0
1.2572 0
1.2587 0
1.2601 0
1.2615 0
1.2629 0
1.2643 0
1.2657 0
1.2671 0
1.2685 0
1.27 0
1.2714 0
1.2728 0
1.2742 0
1.2756 0
1.277 0
1.2784 0
1.2799 0
1.2813 0
1.2827 0
1.2841 0
1.2855 0
1.2869 0
1.2883 0
1.2898 0
1.2912 0
1.2926 0
1.294 0
1.2954 0
1.2968 0
1.2982 0
1.2997 0
1.3011 0
1.3025 0
1.3039 0
1.3053 0
1.3067 0
1.3081 0
1.3096 0
1.311 0
1.3124 0
1.3138 0
1.3152 0
1.3166 0
1.318 0
1.3195 0
1.3209 0
1.3223 0
1.3237 0
1.3251 0
1.3265 0
1.3279 0
1.3294 0
1.3308 0
1.3322 0
1.3336 0
1.335 0
1.3364 0
1.3378 0
1.3393 0
1.3407 0
1.3421 0
1.3435 0
1.3449 0
1.3463 0
1.3477 0
1.3492 0
1.3506 0
1.352 0
1.3534 0
1.3548 0
1.3562 0
1.3576 0
1.3591 0
1.3605 0
1.3619 0
1.3633 0
1.3647 0
1.3661 0
1.3675 0
1.369 0
1.3704 0
1.3718 0
1.3732 0
1.3746 0
1.376 0
1.3774 0
1.3789 0
1.3803 0
1.3817 0
1.3831 0
1.3845 0
1.3859 0
1.3873 0
1.3888 0
1.3902 0
1.3916 0
1.393 0
1.3944 0
1.3958 0
1.3972 0
1.3987 0
1.4001 0
1.4015 0
1.4029 0
1.4043 0
1.4057 0
1.4071 0
1.4086 0
1.41 0
1.4114 0
1.4128 0
1.4142 0
1.4156 0
1.417 0
1.4185 0
1.4199 0
1.4213 0
1.4227 0
1.4241 0
1.4255 0
1.4269 0
1.4284 0
1.4298 0
1.4312 0
1.4326 0
1.434 0
1.4354 0
1.4368 0
1.4383 0
1.4397 0
1.4411 0
1.4425 0
1.4439 0
1.4453 0
1.4467 0
1.4482 0
1.4496 0
1.451 0
1.4524 0
1.4538 0
1.4552 0
1.4566 0
1.4581 0
1.4595 0
1.4609 0
1.4623 0
1.4637 0
1.4651 0
1.4665 0
1.468 0
1.4694 0
1.4708 0
1.4722 0
1.4736 0
1.475 0
1.4764 0
1.4779 0
1.4793 0
1.4807 0
1.4821 0
1.4835 0
1.4849 0
1.4863 0
1.4878 0
1.4892 0
1.4906 0
1.492 0
1.4934 0
1.4948 0
1.4962 0
1.4977 0
1.4991 0
1.5005 0
1.5019 0
1.5033 0
1.5047 0
1.5061 0
1.5076 0
1.509 0
1.5104 0
1.5118 0
1.5132 0
1.5146 0
1.516 0
1.5175 0
1.5189 0
1.5203 0
1.5217 0
1.5231 0
1.5245 0
1.5259 0
1.5274 0
1.5288 0
1.5302 0
1.5316 0
1.533 0
1.5344 0
1.5358 0
1.5373 0
1.5387 0
1.5401 0
1.5415 0
1.5429 0
1.5443 0
1.5457 0
1.5471 0
1.5486 0
1.55 0
1.5514 0
1.5528 0
1.5542 0
1.5556 0
1.557 0
1.5585 0
1.5599 0
1.5613 0
1.5627 0
1.5641 0
1.5655 0
1.5669 0
1.5684 0
1.5698 0
1.5712 0
1.5726 0
1.574 0
1.5754 0
1.5768 0
1.5783 0
1.5797 0
1.5811 0
1.5825 0
1.5839 0
1.5853 0
1.5867 0
1.5882 0
1.5896 0
1.591 0
1.5924 0
1.5938 0
1.5952 0
1.5966 0
1.5981 0
1.5995 0
1.6009 0
1.6023 0
1.6037 0
1.6051 0
1.6065 0
1.608 0
1.6094 0
1.6108 0
1.6122 0
1.6136 0
1.615 0
1.6164 0
1.6179 0
1.6193 0
1.6207 0
1.6221 0
1.6235 0
1.6249 0
1.6263 0
1.6278 0
1.6292 0
1.6306 0
1.632 0
1.6334 0
1.6348 0
1.6362 0
1.6377 0
1.6391 0
1.6405 0
1.6419 0
1.6433 0
1.6447 0
1.6461 0
1.6476 0
1.649 0
1.6504 0
1.6518 0
1.6532 0
1.6546 0
1.656 0
1.6575 0
1.6589 0
1.6603 0
1.6617 0
1.6631 0
1.6645 0
1.6659 0
1.6674 0
1.6688 0
1.6702 0
1.6716 0
1.673 0
1.6744 0
1.6758 0
1.6773 0
1.6787 0
1.6801 0
1.6815 0
1.6829 0
1.6843 0
1.6857 0
1.6872 0
1.6886 0
1.69 0
1.6914 0
1.6928 0
1.6942 0
1.6956 0
1.6971 0
1.6985 0
1.6999 0
1.7013 0
1.7027 0
1.7041 0
1.7055 0
1.707 0
1.7084 0
1.7098 0
1.7112 0
1.7126 0
1.714 0
1.7154 0
1.7169 0
1.7183 0
1.7197 0
1.7211 0
1.7225 0
1.7239 0
1.7253 0
1.7268 0
1.7282 0
1.7296 0
1.731 0
1.7324 0
1.7338 0
1.7352 0
1.7367 0
1.7381 0
1.7395 0
1.7409 0
1.7423 0
1.7437 0
1.7451 0
1.7466 0
1.748 0
1.7494 0
1.7508 0
1.7522 0
1.7536 0
1.755 0
1.7565 0
1.7579 0
1.7593 0
1.7607 0
1.7621 0
1.7635 0
1.7649 0
1.7664 0
1.7678 0
1.7692 0
1.7706 0
1.772 0
1.7734 0
1.7748 0
1.7763 0
1.7777 0
1.7791 0
1.7805 0
1.7819 0
1.7833 0
1.7847 0
1.7862 0
1.7876 0
1.789 0
1.7904 0
1.7918 0
1.7932 0
1.7946 0
1.7961 0
1.7975 0
1.7989 0
1.8003 0
1.8017 0
1.8031 0
1.8045 0
1.806 0
1.8074 0
1.8088 0
1.8102 0
1.8116 0
1.813 0
1.8144 0
1.8159 0
1.8173 0
1.8187 0
1.8201 0
1.8215 0
1.8229 0
1.8243 0
1.8257 0
1.8272 0
1.8286 0
1.83 0
1.8314 0
1.8328 0
1.8342 0
1.8356 0
1.8371 0
1.8385 0
1.8399 0
1.8413 0
1.8427 0
1.8441 0
1.8455 0
1.847 0
1.8484 0
1.8498 0
1.8512 0
1.8526 0
1.854 0
1.8554 0
1.8569 0
1.8583 0
1.8597 0
1.8611 0
1.8625 0
1.8639 0
1.8653 0
1.8668 0
1.8682 0
1.8696 0
1.871 0
1.8724 0
1.8738 0
1.8752 0
1.8767 0
1.8781 0
1.8795 0
1.8809 0
1.8823 0
1.8837 0
1.8851 0
1.8866 0
1.888 0
1.8894 0
1.8908 0
1.8922 0
1.8936 0
1.895 0
1.8965 0
1.8979 0
1.8993 0
1.9007 0
1.9021 0
1.9035 0
1.9049 0
1.9064 0
1.9078 0
1.9092 0
1.9106 0
1.912 0
1.9134 0
1.9148 0
1.9163 0
1.9177 0
1.9191 0
1.9205 0
1.9219 0
1.9233 0
1.9247 0
1.9262 0
1.9276 0
1.929 0
1.9304 0
1.9318 0
1.9332 0
1.9346 0
1.9361 0
1.9375 0
1.9389 0
1.9403 0
1.9417 0
1.9431 0
1.9445 0
1.946 0
1.9474 0
1.9488 0
1.9502 0
1.9516 0
1.953 0
1.9544 0
1.9559 0
1.9573 0
1.9587 0
1.9601 0
1.9615 0
1.9629 0
1.9643 0
1.9658 0
1.9672 0
1.9686 0
1.97 0
1.9714 0
1.9728 0
1.9742 0
1.9757 0
1.9771 0
1.9785 0
1.9799 0
1.9813 0
1.9827 0
1.9841 0
1.9856 0
1.987 0
1.9884 0
1.9898 0
1.9912 0
1.9926 0
1.994 0
1.9955 0
1.9969 0
1.9983 0
1.9997 0
2.0011 0
2.0025 0
2.0039 0
2.0054 0
2.0068 0
2.0082 0
2.0096 0
2.011 0
2.0124 0
2.0138 0
2.0153 0
2.0167 0
2.0181 0
2.0195 0
2.0209 0
2.0223 0
2.0237 0
2.0252 0
2.0266 0
2.028 0
2.0294 0
2.0308 0
2.0322 0
2.0336 0
2.0351 0
2.0365 0
2.0379 0
2.0393 0
2.0407 0
2.0421 0
2.0435 0
2.045 0
2.0464 0
2.0478 0
2.0492 0
2.0506 0
2.052 0
2.0534 0
2.0549 0
2.0563 0
2.0577 0
2.0591 0
2.0605 0
2.0619 0
2.0633 0
2.0648 0
2.0662 0
2.0676 0
2.069 0
2.0704 0
2.0718 0
2.0732 0
2.0747 0
2.0761 0
2.0775 0
2.0789 0
2.0803 0
2.0817 0
2.0831 0
2.0846 0
2.086 0
2.0874 0
2.0888 0
2.0902 0
2.0916 0
2.093 0
2.0945 0
2.0959 0
2.0973 0
2.0987 0
2.1001 0
2.1015 0
2.1029 0
2.1043 0
2.1058 0
2.1072 0
2.1086 0
2.11 0
2.1114 0
2.1128 0
2.1142 0
2.1157 0
2.1171 0
2.1185 0
2.1199 0
2.1213 0
2.1227 0
2.1241 0
2.1256 0
2.127 0
2.1284 0
2.1298 0
2.1312 0
2.1326 0
2.134 0
2.1355 0
2.1369 0
2.1383 0
2.1397 0
2.1411 0
2.1425 0
2.1439 0
2.1454 0
2.1468 0
2.1482 0
2.1496 0
2.151 0
2.1524 0
2.1538 0
2.1553 0
2.1567 0
2.1581 0
2.1595 0
2.1609 0
2.1623 0
2.1637 0
2.1652 0
2.1666 0
2.168 0
2.1694 0
2.1708 0
2.1722 0
2.1736 0
2.1751 0
2.1765 0
2.1779 0
2.1793 0
2.1807 0
2.1821 0
2.1835 0
2.185 0
2.1864 0
2.1878 0
2.1892 0
2.1906 0
2.192 0
2.1934 0
2.1949 0
2.1963 0
2.1977 0
2.1991 0
2.2005 0
2.2019 0
2.2033 0
2.2048 0
2.2062 0
2.2076 0
2.209 0
2.2104 0
2.2118 0
2.2132 0
2.2147 0
2.2161 0
2.2175 0
2.2189 0
2.2203 0
2.2217 0
2.2231 0
2.2246 0
2.226 0
2.2274 0
2.2288 0
2.2302 0
2.2316 0
2.233 0
2.2345 0
2.2359 0
2.2373 0
2.2387 0
2.2401 0
2.2415 0
2.2429 0
2.2444 0
2.2458 0
2.2472 0
2.2486 0
2.25 0
2.2514 0
2.2528 0
2.2543 0
2.2557 0
2.2571 0
2.2585 0
2.2599 0
2.2613 0
2.2627 0
2.2642 0
2.2656 0
2.267 0
2.2684 0
2.2698 0
2.2712 0
2.2726 0
2.2741 0
2.2755 0
2.2769 0
2.2783 0
2.2797 0
2.2811 0
2.2825 0
2.284 0
2.2854 0
2.2868 0
2.2882 0
2.2896 0
2.291 0
2.2924 0
2.2939 0
2.2953 0
2.2967 0
2.2981 0
2.2995 0
2.3009 0
2.3023 0
2.3038 0
2.3052 0
2.3066 0
2.308 0
2.3094 0
2.3108 0
2.3122 0
2.3137 0
2.3151 0
2.3165 0
2.3179 0
2.3193 0
2.3207 0
2.3221 0
2.3236 0
2.325 0
2.3264 0
2.3278 0
2.3292 0
2.3306 0
2.332 0
2.3335 0
2.3349 0
2.3363 0
2.3377 0
2.3391 0
2.3405 0
2.3419 0
2.3434 0
2.3448 0
2.3462 0
2.3476 0
2.349 0
2.3504 0
2.3518 0
2.3533 0
2.3547 0
2.3561 0
2.3575 0
2.3589 0
2.3603 0
2.3617 0
2.3632 0
2.3646 0
2.366 0
2.3674 0
2.3688 0
2.3702 0
2.3716 0
2.3731 0
2.3745 0
2.3759 0
2.3773 0
2.3787 0
2.3801 0
2.3815 0
2.3829 0
2.3844 0
2.3858 0
2.3872 0
2.3886 0
2.39 0
2.3914 0
2.3928 0
2.3943 0
2.3957 0
2.3971 0
2.3985 0
2.3999 0
2.4013 0
2.4027 0
2.4042 0
2.4056 0
2.407 0
2.4084 0
2.4098 0
2.4112 0
2.4126 0
2.4141 0
2.4155 0
2.4169 0
2.4183 0
2.4197 0
2.4211 0
2.4225 0
2.424 0
2.4254 0
2.4268 0
2.4282 0
2.4296 0
2.431 0
2.4324 0
2.4339 0
2.4353 0
2.4367 0
2.4381 0
2.4395 0
2.4409 0
2.4423 0
2.4438 0
2.4452 0
2.4466 0
2.448 0
2.4494 0
2.4508 0
2.4522 0
2.4537 0
2.4551 0
2.4565 0
2.4579 0
2.4593 0
2.4607 0
2.4621 0
2.4636 0
2.465 0
2.4664 0
2.4678 0
2.4692 0
2.4706 0
2.472 0
2.4735 0
2.4749 0
2.4763 0
2.4777 0
2.4791 0
2.4805 0
2.4819 0
2.4834 0
2.4848 0
2.4862 0
2.4876 0
2.489 0
2.4904 0
2.4918 0
2.4933 0
2.4947 0
2.4961 0
2.4975 0
2.4989 0
2.5003 0
2.5017 0
2.5032 0
2.5046 0
2.506 0
2.5074 0
2.5088 0
2.5102 0
2.5116 0
2.5131 0
2.5145 0
2.5159 0
2.5173 0
2.5187 0
2.5201 0
2.5215 0
2.523 0
2.5244 0
2.5258 0
2.5272 0
2.5286 0
2.53 0
2.5314 0
2.5329 0
2.5343 0
2.5357 0
2.5371 0
2.5385 0
2.5399 0
2.5413 0
2.5428 0
2.5442 0
2.5456 0
2.547 0
2.5484 0
2.5498 0
2.5512 0
2.5527 0
2.5541 0
2.5555 0
2.5569 0
2.5583 0
2.5597 0
2.5611 0
2.5626 0
2.564 0
2.5654 0
2.5668 0
2.5682 0
2.5696 0
2.571 0
2.5725 0
2.5739 0
2.5753 0
2.5767 0
2.5781 0
2.5795 0
2.5809 0
2.5824 0
2.5838 0
2.5852 0
2.5866 0
2.588 0
2.5894 0
2.5908 0
2.5923 0
2.5937 0
2.5951 0
2.5965 0
2.5979 0
2.5993 0
2.6007 0
2.6022 0
2.6036 0
2.605 0
2.6064 0
2.6078 0
2.6092 0
2.6106 0
2.6121 0
2.6135 0
2.6149 0
2.6163 0
2.6177 0
2.6191 0
2.6205 0
2.622 0
2.6234 0
2.6248 0
2.6262 0
2.6276 0
2.629 0
2.6304 0
2.6319 0
2.6333 0
2.6347 0
2.6361 0
2.6375 0
2.6389 0
2.6403 0
2.6418 0
2.6432 0
2.6446 0
2.646 0
2.6474 0
2.6488 0
2.6502 0
2.6517 0
2.6531 0
2.6545 0
2.6559 0
2.6573 0
2.6587 0
2.6601 0
2.6615 0
2.663 0
2.6644 0
2.6658 0
2.6672 0
2.6686 0
2.67 0
2.6714 0
2.6729 0
2.6743 0
2.6757 0
2.6771 0
2.6785 0
2.6799 0
2.6813 0
2.6828 0
2.6842 0
2.6856 0
2.687 0
2.6884 0
2.6898 0
2.6912 0
2.6927 0
2.6941 0
2.6955 0
2.6969 0
2.6983 0
2.6997 0
2.7011 0
2.7026 0
2.704 0
2.7054 0
2.7068 0
2.7082 0
2.7096 0
2.711 0
2.7125 0
2.7139 0
2.7153 0
2.7167 0
2.7181 0
2.7195 0
2.7209 0
2.7224 0
2.7238 0
2.7252 0
2.7266 0
2.728 0
2.7294 0
2.7308 0
2.7323 0
2.7337 0
2.7351 0
2.7365 0
2.7379 0
2.7393 0
2.7407 0
2.7422 0
2.7436 0
2.745 0
2.7464 0
2.7478 0
2.7492 0
2.7506 0
2.7521 0
2.7535 0
2.7549 0
2.7563 0
2.7577 0
2.7591 0
2.7605 0
2.762 0
2.7634 0
2.7648 0
2.7662 0
2.7676 0
2.769 0
2.7704 0
2.7719 0
2.7733 0
2.7747 0
2.7761 0
2.7775 0
2.7789 0
2.7803 0
2.7818 0
2.7832 0
2.7846 0
2.786 0
2.7874 0
2.7888 0
2.7902 0
2.7917 0
2.7931 0
2.7945 0
2.7959 0
2.7973 0
2.7987 0
2.8001 0
2.8016 0
2.803 0
2.8044 0
2.8058 0
2.8072 0
2.8086 0
2.81 0
2.8115 0
2.8129 0
2.8143 0
2.8157 0
2.8171 0
2.8185 0
2.8199 0
2.8214 0
2.8228 0
2.8242 0
2.8256 0
2.827 0
2.8284 0
2.8298 0
2.8313 0
2.8327 0
2.8341 0
2.8355 0
2.8369 0
2.8383 0
2.8397 0
2.8412 0
2.8426 0
2.844 0
2.8454 0
2.8468 0
2.8482 0
2.8496 0
2.8511 0
2.8525 0
2.8539 0
2.8553 0
2.8567 0
2.8581 0
2.8595 0
2.861 0
2.8624 0
2.8638 0
2.8652 0
2.8666 0
2.868 0
2.8694 0
2.8709 0
2.8723 0
2.8737 0
2.8751 0
2.8765 0
2.8779 0
2.8793 0
2.8808 0
2.8822 0
2.8836 0
2.885 0
2.8864 0
2.8878 0
2.8892 0
2.8907 0
2.8921 0
2.8935 0
2.8949 0
2.8963 0
2.8977 0
2.8991 0
2.9006 0
2.902 0
2.9034 0
2.9048 0
2.9062 0
2.9076 0
2.909 0
2.9105 0
2.9119 0
2.9133 0
2.9147 0
2.9161 0
2.9175 0
2.9189 0
2.9204 0
2.9218 0
2.9232 0
2.9246 0
2.926 0
2.9274 0
2.9288 0
2.9303 0
2.9317 0
2.9331 0
2.9345 0
2.9359 0
2.9373 0
2.9387 0
2.9401 0
2.9416 0
2.943 0
2.9444 0
2.9458 0
2.9472 0
2.9486 0
2.95 0
2.9515 0
2.9529 0
2.9543 0
2.9557 0
2.9571 0
2.9585 0
2.9599 0
2.9614 0
2.9628 0
2.9642 0
2.9656 0
2.967 0
2.9684 0
2.9698 0
2.9713 0
2.9727 0
2.9741 0
2.9755 0
2.9769 0
2.9783 0
2.9797 0
2.9812 0
2.9826 0
2.984 0
2.9854 0
2.9868 0
2.9882 0
2.9896 0
2.9911 0
2.9925 0
2.9939 0
2.9953 0
2.9967 0
2.9981 0
2.9995 0
3.001 0
3.0024 0
3.0038 0
3.0052 0
3.0066 0
3.008 0
3.0094 0
3.0109 0
3.0123 0
3.0137 0
3.0151 0
3.0165 0
3.0179 0
3.0193 0
3.0208 0
3.0222 0
3.0236 0
3.025 0
3.0264 0
3.0278 0
3.0292 0
3.0307 0
3.0321 0
3.0335 0
3.0349 0
3.0363 0
3.0377 0
3.0391 0
3.0406 0
3.042 0
3.0434 0
3.0448 0
3.0462 0
3.0476 0
3.049 0
3.0505 0
3.0519 0
3.0533 0
3.0547 0
3.0561 0
3.0575 0
3.0589 0
3.0604 0
3.0618 0
3.0632 0
3.0646 0
3.066 0
3.0674 0
3.0688 0
3.0703 0
3.0717 0
3.0731 0
3.0745 0
3.0759 0
3.0773 0
3.0787 0
3.0802 0
3.0816 0
3.083 0
3.0844 0
3.0858 0
3.0872 0
3.0886 0
3.0901 0
3.0915 0
3.0929 0
3.0943 0
3.0957 0
3.0971 0
3.0985 0
3.1 0
3.1014 0
3.1028 0
3.1042 0
3.1056 0
3.107 0
3.1084 0
3.1099 0
3.1113 0
3.1127 0
3.1141 0
3.1155 0
3.1169 0
3.1183 0
3.1198 0
3.1212 0
3.1226 0
3.124 0
3.1254 0
3.1268 0
3.1282 0
3.1297 0
3.1311 0
3.1325 0
3.1339 0
3.1353 0
3.1367 0
3.1381 0
3.1396 0
3.141 0
3.1424 0
3.1438 0
3.1452 0
3.1466 0
3.148 0
3.1495 0
3.1509 0
3.1523 0
3.1537 0
3.1551 0
3.1565 0
3.1579 0
3.1594 0
3.1608 0
3.1622 0
3.1636 0
3.165 0
3.1664 0
3.1678 0
3.1693 0
3.1707 0
3.1721 0
3.1735 0
3.1749 0
3.1763 0
3.1777 0
3.1792 0
3.1806 0
3.182 0
3.1834 0
3.1848 0
3.1862 0
3.1876 0
3.1891 0
3.1905 0
3.1919 0
3.1933 0
3.1947 0
3.1961 0
3.1975 0
3.199 0
3.2004 0
3.2018 0
3.2032 0
3.2046 0
3.206 0
3.2074 0
3.2089 0
3.2103 0
3.2117 0
3.2131 0
3.2145 0
3.2159 0
3.2173 0
3.2188 0
3.2202 0
3.2216 0
3.223 0
3.2244 0
3.2258 0
3.2272 0
3.2286 0
3.2301 0
3.2315 0
3.2329 0
3.2343 0
3.2357 0
3.2371 0
3.2385 0
3.24 0
3.2414 0
3.2428 0
3.2442 0
3.2456 0
3.247 0
3.2484 0
3.2499 0
3.2513 0
3.2527 0
3.2541 0
3.2555 0
3.2569 0
3.2583 0
3.2598 0
3.2612 0
3.2626 0
3.264 0
3.2654 0
3.2668 0
3.2682 0
3.2697 0
3.2711 0
3.2725 0
3.2739 0
3.2753 0
3.2767 0
3.2781 0
3.2796 0
3.281 0
3.2824 0
3.2838 0
3.2852 0
3.2866 0
3.288 0
3.2895 0
3.2909 0
3.2923 0
3.2937 0
3.2951 0
3.2965 0
3.2979 0
3.2994 0
3.3008 0
3.3022 0
3.3036 0
3.305 0
3.3064 0
3.3078 0
3.3093 0
3.3107 0
3.3121 0
3.3135 0
3.3149 0
3.3163 0
3.3177 0
3.3192 0
3.3206 0
3.322 0
3.3234 0
3.3248 0
3.3262 0
3.3276 0
3.3291 0
3.3305 0
3.3319 0
3.3333 0
3.3347 0
3.3361 0
3.3375 0
3.339 0
3.3404 0
3.3418 0
3.3432 0
3.3446 0
3.346 0
3.3474 0
3.3489 0
3.3503 0
3.3517 0
3.3531 0
3.3545 0
3.3559 0
3.3573 0
3.3588 0
3.3602 0
3.3616 0
3.363 0
3.3644 0
3.3658 0
3.3672 0
3.3687 0
3.3701 0
3.3715 0
3.3729 0
3.3743 0
3.3757 0
3.3771 0
3.3786 0
3.38 0
3.3814 0
3.3828 0
3.3842 0
3.3856 0
3.387 0
3.3885 0
3.3899 0
3.3913 0
3.3927 0
3.3941 0
3.3955 0
3.3969 0
3.3984 0
3.3998 0
3.4012 0
3.4026 0
3.404 0
3.4054 0
3.4068 0
3.4083 0
3.4097 0
3.4111 0
3.4125 0
3.4139 0
3.4153 0
3.4167 0
3.4182 0
3.4196 0
3.421 0
3.4224 0
3.4238 0
3.4252 0
3.4266 0
3.4281 0
3.4295 0
3.4309 0
3.4323 0
3.4337 0
3.4351 0
3.4365 0
3.438 0
3.4394 0
3.4408 0
3.4422 0
3.4436 0
3.445 0
3.4464 0
3.4479 0
3.4493 0
3.4507 0
3.4521 0
3.4535 0
3.4549 0
3.4563 0
3.4578 0
3.4592 0
3.4606 0
3.462 0
3.4634 0
3.4648 0
3.4662 0
3.4677 0
3.4691 0
3.4705 0
3.4719 0
3.4733 0
3.4747 0
3.4761 0
3.4776 0
3.479 0
3.4804 0
3.4818 0
3.4832 0
3.4846 0
3.486 0
3.4875 0
3.4889 0
3.4903 0
3.4917 0
3.4931 0
3.4945 0
3.4959 0
3.4974 0
3.4988 0
3.5002 0
3.5016 0
3.503 0
3.5044 0
3.5058 0
3.5072 0
3.5087 0
3.5101 0
3.5115 0
3.5129 0
3.5143 0
3.5157 0
3.5171 0
3.5186 0
3.52 0
3.5214 0
3.5228 0
3.5242 0
3.5256 0
3.527 0
3.5285 0
3.5299 0
3.5313 0
3.5327 0
3.5341 0
3.5355 0
3.5369 0
3.5384 0
3.5398 0
3.5412 0
3.5426 0
3.544 0
3.5454 0
3.5468 0
3.5483 0
3.5497 0
3.5511 0
3.5525 0
3.5539 0
3.5553 0
3.5567 0
3.5582 0
3.5596 0
3.561 0
3.5624 0
3.5638 0
3.5652 0
3.5666 0
3.5681 0
3.5695 0
3.5709 0
3.5723 0
3.5737 0
3.5751 0
3.5765 0
3.578 0
3.5794 0
3.5808 0
3.5822 0
3.5836 0
3.585 0
3.5864 0
3.5879 0
3.5893 0
3.5907 0
3.5921 0
3.5935 0
3.5949 0
3.5963 0
3.5978 0
3.5992 0
3.6006 0
3.602 0
3.6034 0
3.6048 0
3.6062 0
3.6077 0
3.6091 0
3.6105 0
3.6119 0
3.6133 0
3.6147 0
3.6161 0
3.6176 0
3.619 0
3.6204 0
3.6218 0
3.6232 0
3.6246 0
3.626 0
3.6275 0
3.6289 0
3.6303 0
3.6317 0
3.6331 0
3.6345 0
3.6359 0
3.6374 0
3.6388 0
3.6402 0
3.6416 0
3.643 0
3.6444 0
3.6458 0
3.6473 0
3.6487 0
3.6501 0
3.6515 0
3.6529 0
3.6543 0
3.6557 0
3.6572 0
3.6586 0
3.66 0
3.6614 0
3.6628 0
3.6642 0
3.6656 0
3.6671 0
3.6685 0
3.6699 0
3.6713 0
3.6727 0
3.6741 0
3.6755 0
3.677 0
3.6784 0
3.6798 0
3.6812 0
3.6826 0
3.684 0
3.6854 0
3.6869 0
3.6883 0
3.6897 0
3.6911 0
3.6925 0
3.6939 0
3.6953 0
3.6968 0
3.6982 0
3.6996 0
3.701 0
3.7024 0
3.7038 0
3.7052 0
3.7067 0
3.7081 0
3.7095 0
3.7109 0
3.7123 0
3.7137 0
3.7151 0
3.7166 0
3.718 0
3.7194 0
3.7208 0
3.7222 0
3.7236 0
3.725 0
3.7265 0
3.7279 0
3.7293 0
3.7307 0
3.7321 0
3.7335 0
3.7349 0
3.7364 0
3.7378 0
3.7392 0
3.7406 0
3.742 0
3.7434 0
3.7448 0
3.7463 0
3.7477 0
3.7491 0
3.7505 0
3.7519 0
3.7533 0
3.7547 0
3.7562 0
3.7576 0
3.759 0
3.7604 0
3.7618 0
3.7632 0
3.7646 0
3.7661 0
3.7675 0
3.7689 0
3.7703 0
3.7717 0
3.7731 0
3.7745 0
3.776 0
3.7774 0
3.7788 0
3.7802 0
3.7816 0
3.783 0
3.7844 0
3.7858 0
3.7873 0
3.7887 0
3.7901 0
3.7915 0
3.7929 0
3.7943 0
3.7957 0
3.7972 0
3.7986 0
3.8 0
3.8014 0
3.8028 0
3.8042 0
3.8056 0
3.8071 0
3.8085 0
3.8099 0
3.8113 0
3.8127 0
3.8141 0
3.8155 0
3.817 0
3.8184 0
3.8198 0
3.8212 0
3.8226 0
3.824 0
3.8254 0
3.8269 0
3.8283 0
3.8297 0
3.8311 0
3.8325 0
3.8339 0
3.8353 0
3.8368 0
3.8382 0
3.8396 0
3.841 0
3.8424 0
3.8438 0
3.8452 0
3.8467 0
3.8481 0
3.8495 0
3.8509 0
3.8523 0
3.8537 0
3.8551 0
3.8566 0
3.858 0
3.8594 0
3.8608 0
3.8622 0
3.8636 0
3.865 0
3.8665 0
3.8679 0
3.8693 0
3.8707 0
3.8721 0
3.8735 0
3.8749 0
3.8764 0
3.8778 0
3.8792 0
3.8806 0
3.882 0
3.8834 0
3.8848 0
3.8863 0
3.8877 0
3.8891 0
3.8905 0
3.8919 0
3.8933 0
3.8947 0
3.8962 0
3.8976 0
3.899 0
3.9004 0
3.9018 0
3.9032 0
3.9046 0
3.9061 0
3.9075 0
3.9089 0
3.9103 0
3.9117 0
3.9131 0
3.9145 0
3.916 0
3.9174 0
3.9188 0
3.9202 0
3.9216 0
3.923 0
3.9244 0
3.9259 0
3.9273 0
3.9287 0
3.9301 0
3.9315 0
3.9329 0
3.9343 0
3.9358 0
3.9372 0
3.9386 0
3.94 0
3.9414 0
3.9428 0
3.9442 0
3.9457 0
3.9471 0
3.9485 0
3.9499 0
3.9513 0
3.9527 0
3.9541 0
3.9556 0
3.957 0
3.9584 0
3.9598 0
3.9612 0
3.9626 0
3.964 0
3.9655 0
3.9669 0
3.9683 0
3.9697 0
3.9711 0
3.9725 0
3.9739 0
3.9754 0
3.9768 0
3.9782 0
3.9796 0
3.981 0
3.9824 0
3.9838 0
3.9853 0
3.9867 0
3.9881 0
3.9895 0
3.9909 0
3.9923 0
3.9937 0
3.9952 0
3.9966 0
3.998 0
3.9994 0
4.0008 0
4.0022 0
4.0036 0
4.0051 0
4.0065 0
4.0079 0
4.0093 0
4.0107 0
4.0121 0
4.0135 0
4.015 0
4.0164 0
4.0178 0
4.0192 0
4.0206 0
4.022 0
4.0234 0
4.0249 0
4.0263 0
4.0277 0
4.0291 0
4.0305 0
4.0319 0
4.0333 0
4.0348 0
4.0362 0
4.0376 0
4.039 0
4.0404 0
4.0418 0
4.0432 0
4.0447 0
4.0461 0
4.0475 0
4.0489 0
4.0503 0
4.0517 0
4.0531 0
4.0546 0
4.056 0
4.0574 0
4.0588 0
4.0602 0
4.0616 0
4.063 0
4.0644 0
4.0659 0
4.0673 0
4.0687 0
4.0701 0
4.0715 0
4.0729 0
4.0743 0
4.0758 0
4.0772 0
4.0786 0
4.08 0
4.0814 0
4.0828 0
4.0842 0
4.0857 0
4.0871 0
4.0885 0
4.0899 0
4.0913 0
4.0927 0
4.0941 0
4.0956 0
4.097 0
4.0984 0
4.0998 0
4.1012 0
4.1026 0
4.104 0
4.1055 0
4.1069 0
4.1083 0
4.1097 0
4.1111 0
4.1125 0
4.1139 0
4.1154 0
4.1168 0
4.1182 0
4.1196 0
4.121 0
4.1224 0
4.1238 0
4.1253 0
4.1267 0
4.1281 0
4.1295 0
4.1309 0
4.1323 0
4.1337 0
4.1352 0
4.1366 0
4.138 0
4.1394 0
4.1408 0
4.1422 0
4.1436 0
4.1451 0
4.1465 0
4.1479 0
4.1493 0
4.1507 0
4.1521 0
4.1535 0
4.155 0
4.1564 0
4.1578 0
4.1592 0
4.1606 0
4.162 0
4.1634 0
4.1649 0
4.1663 0
4.1677 0
4.1691 0
4.1705 0
4.1719 0
4.1733 0
4.1748 0
4.1762 0
4.1776 0
4.179 0
4.1804 0
4.1818 0
4.1832 0
4.1847 0
4.1861 0
4.1875 0
4.1889 0
4.1903 0
4.1917 0
4.1931 0
4.1946 0
4.196 0
4.1974 0
4.1988 0
4.2002 0
4.2016 0
4.203 0
4.2045 0
4.2059 0
4.2073 0
4.2087 0
4.2101 0
4.2115 0
4.2129 0
4.2144 0
4.2158 0
4.2172 0
4.2186 0
4.22 0
4.2214 0
4.2228 0
4.2243 0
4.2257 0
4.2271 0
4.2285 0
4.2299 0
4.2313 0
4.2327 0
4.2342 0
4.2356 0
4.237 0
4.2384 0
4.2398 0
4.2412 0
4.2426 0
4.2441 0
4.2455 0
4.2469 0
4.2483 0
4.2497 0
4.2511 0
4.2525 0
4.254 0
4.2554 0
4.2568 0
4.2582 0
4.2596 0
4.261 0
4.2624 0
4.2639 0
4.2653 0
4.2667 0
4.2681 0
4.2695 0
4.2709 0
4.2723 0
4.2738 0
4.2752 0
4.2766 0
4.278 0
4.2794 0
4.2808 0
4.2822 0
4.2837 0
4.2851 0
4.2865 0
4.2879 0
4.2893 0
4.2907 0
4.2921 0
4.2936 0
4.295 0
4.2964 0
4.2978 0
4.2992 0
4.3006 0
4.302 0
4.3035 0
4.3049 0
4.3063 0
4.3077 0
4.3091 0
4.3105 0
4.3119 0
4.3134 0
4.3148 0
4.3162 0
4.3176 0
4.319 0
4.3204 0
4.3218 0
4.3233 0
4.3247 0
4.3261 0
4.3275 0
4.3289 0
4.3303 0
4.3317 0
4.3332 0
4.3346 0
4.336 0
4.3374 0
4.3388 0
4.3402 0
4.3416 0
4.343 0
4.3445 0
4.3459 0
4.3473 0
4.3487 0
4.3501 0
4.3515 0
4.3529 0
4.3544 0
4.3558 0
4.3572 0
4.3586 0
4.36 0
4.3614 0
4.3628 0
4.3643 0
4.3657 0
4.3671 0
4.3685 0
4.3699 0
4.3713 0
4.3727 0
4.3742 0
4.3756 0
4.377 0
4.3784 0
4.3798 0
4.3812 0
4.3826 0
4.3841 0
4.3855 0
4.3869 0
4.3883 0
4.3897 0
4.3911 0
4.3925 0
4.394 0
4.3954 0
4.3968 0
4.3982 0
4.3996 0
4.401 0
4.4024 0
4.4039 0
4.4053 0
4.4067 0
4.4081 0
4.4095 0
4.4109 0
4.4123 0
4.4138 0
4.4152 0
4.4166 0
4.418 0
4.4194 0
4.4208 0
4.4222 0
4.4237 0
4.4251 0
4.4265 0
4.4279 0
4.4293 0
4.4307 0
4.4321 0
4.4336 0
4.435 0
4.4364 0
4.4378 0
4.4392 0
4.4406 0
4.442 0
4.4435 0
4.4449 0
4.4463 0
4.4477 0
4.4491 0
4.4505 0
4.4519 0
4.4534 0
4.4548 0
4.4562 0
4.4576 0
4.459 0
4.4604 0
4.4618 0
4.4633 0
4.4647 0
4.4661 0
4.4675 0
4.4689 0
4.4703 0
4.4717 0
4.4732 0
4.4746 0
4.476 0
4.4774 0
4.4788 0
4.4802 0
4.4816 0
4.4831 0
4.4845 0
4.4859 0
4.4873 0
4.4887 0
4.4901 0
4.4915 0
4.493 0
4.4944 0
4.4958 0
4.4972 0
4.4986 0
4.5 0
4.5014 0
4.5029 0
4.5043 0
4.5057 0
4.5071 0
4.5085 0
4.5099 0
4.5113 0
4.5128 0
4.5142 0
4.5156 0
4.517 0
4.5184 0
4.5198 0
4.5212 0
4.5227 0
4.5241 0
4.5255 0
4.5269 0
4.5283 0
4.5297 0
4.5311 0
4.5326 0
4.534 0
4.5354 0
4.5368 0
4.5382 0
4.5396 0
4.541 0
4.5425 0
4.5439 0
4.5453 0
4.5467 0
4.5481 0
4.5495 0
4.5509 0
4.5524 0
4.5538 0
4.5552 0
4.5566 0
4.558 0
4.5594 0
4.5608 0
4.5623 0
4.5637 0
4.5651 0
4.5665 0
4.5679 0
4.5693 0
4.5707 0
4.5722 0
4.5736 0
4.575 0
4.5764 0
4.5778 0
4.5792 0
4.5806 0
4.5821 0
4.5835 0
4.5849 0
4.5863 0
4.5877 0
4.5891 0
4.5905 0
4.592 0
4.5934 0
4.5948 0
4.5962 0
4.5976 0
4.599 0
4.6004 0
4.6019 0
4.6033 0
4.6047 0
4.6061 0
4.6075 0
4.6089 0
4.6103 0
4.6118 0
4.6132 0
4.6146 0
4.616 0
4.6174 0
4.6188 0
4.6202 0
4.6216 0
4.6231 0
4.6245 0
4.6259 0
4.6273 0
4.6287 0
4.6301 0
4.6315 0
4.633 0
4.6344 0
4.6358 0
4.6372 0
4.6386 0
4.64 0
4.6414 0
4.6429 0
4.6443 0
4.6457 0
4.6471 0
4.6485 0
4.6499 0
4.6513 0
4.6528 0
4.6542 0
4.6556 0
4.657 0
4.6584 0
4.6598 0
4.6612 0
4.6627 0
4.6641 0
4.6655 0
4.6669 0
4.6683 0
4.6697 0
4.6711 0
4.6726 0
4.674 0
4.6754 0
4.6768 0
4.6782 0
4.6796 0
4.681 0
4.6825 0
4.6839 0
4.6853 0
4.6867 0
4.6881 0
4.6895 0
4.6909 0
4.6924 0
4.6938 0
4.6952 0
4.6966 0
4.698 0
4.6994 0
4.7008 0
4.7023 0
4.7037 0
4.7051 0
4.7065 0
4.7079 0
4.7093 0
4.7107 0
4.7122 0
4.7136 0
4.715 0
4.7164 0
4.7178 0
4.7192 0
4.7206 0
4.7221 0
4.7235 0
4.7249 0
4.7263 0
4.7277 0
4.7291 0
4.7305 0
4.732 0
4.7334 0
4.7348 0
4.7362 0
4.7376 0
4.739 0
4.7404 0.029761
4.7419 0.062412
4.7433 0.0983
4.7447 0.13776
4.7461 0.1811
4.7475 0.22865
4.7489 0.28069
4.7503 0.33748
4.7518 0.3992
4.7532 0.43698
4.7546 0.47727
4.756 0.51981
4.7574 0.56427
4.7588 0.61029
4.7602 0.65746
4.7617 0.70534
4.7631 0.7535
4.7645 0.80151
4.7659 0.849
4.7673 0.89561
4.7687 0.94104
4.7701 0.98507
4.7716 1.0275
4.773 1.0682
4.7744 1.1071
4.7758 1.1442
4.7772 1.1795
4.7786 1.213
4.78 1.2449
4.7815 1.2752
4.7829 1.3041
4.7843 1.3315
4.7857 1.3578
4.7871 1.383
4.7885 1.4071
4.7899 1.4304
4.7914 1.4528
4.7928 1.4746
4.7942 1.4957
4.7956 1.5163
4.797 1.5364
4.7984 1.5561
4.7998 1.5754
4.8013 1.5944
4.8027 1.613
4.8041 1.6314
4.8055 1.6496
4.8069 1.6676
4.8083 1.6853
4.8097 1.7029
4.8112 1.7203
4.8126 1.7376
4.814 1.7547
4.8154 1.7717
4.8168 1.7886
4.8182 1.8053
4.8196 1.822
4.8211 1.8385
4.8225 1.8549
4.8239 1.8712
4.8253 1.8874
4.8267 1.9036
4.8281 1.9196
4.8295 1.9355
4.831 1.9513
4.8324 1.9671
4.8338 1.9827
4.8352 1.9983
4.8366 2.0138
4.838 2.0292
4.8394 2.0445
4.8409 2.0597
4.8423 2.0749
4.8437 2.0899
4.8451 2.1049
4.8465 2.1199
4.8479 2.1347
4.8493 2.1494
4.8508 2.1641
4.8522 2.1787
4.8536 2.1933
4.855 2.2077
4.8564 2.2221
4.8578 2.2364
4.8592 2.2507
4.8607 2.2649
4.8621 2.279
4.8635 2.293
4.8649 2.307
4.8663 2.3209
4.8677 2.3348
4.8691 2.3486
4.8706 2.3623
4.872 2.3759
4.8734 2.3895
4.8748 2.4031
4.8762 2.4165
4.8776 2.4299
4.879 2.4433
4.8805 2.4566
4.8819 2.4698
4.8833 2.483
4.8847 2.4961
4.8861 2.5092
4.8875 2.5222
4.8889 2.5351
4.8904 2.548
4.8918 2.5609
4.8932 2.5737
4.8946 2.5864
4.896 2.5991
4.8974 2.6117
4.8988 2.6243
4.9002 2.6369
4.9017 2.6493
4.9031 2.6618
4.9045 2.6742
4.9059 2.6865
4.9073 2.6988
4.9087 2.711
4.9101 2.7232
4.9116 2.7354
4.913 2.7475
4.9144 2.7595
4.9158 2.7715
4.9172 2.7835
4.9186 2.7954
4.92 2.8073
4.9215 2.8191
4.9229 2.8309
4.9243 2.8426
4.9257 2.8543
4.9271 2.866
4.9285 2.8776
4.9299 2.8892
4.9314 2.9007
4.9328 2.9122
4.9342 2.9237
4.9356 2.9351
4.937 2.9465
4.9384 2.9578
4.9398 2.9691
4.9413 2.9804
4.9427 2.9916
4.9441 3.0028
4.9455 3.014
4.9469 3.0251
4.9483 3.0362
4.9497 3.0472
4.9512 3.0582
4.9526 3.0692
4.954 3.0801
4.9554 3.091
4.9568 3.1019
4.9582 3.1127
4.9596 3.1235
4.9611 3.1343
4.9625 3.145
4.9639 3.1557
4.9653 3.1664
4.9667 3.177
4.9681 3.1876
4.9695 3.1982
4.971 3.2087
4.9724 3.2192
4.9738 3.2297
4.9752 3.2401
4.9766 3.2505
4.978 3.2609
4.9794 3.2712
4.9809 3.2816
4.9823 3.2919
4.9837 3.3021
4.9851 3.3123
4.9865 3.3225
4.9879 3.3327
4.9893 3.3429
4.9908 3.353
4.9922 3.3631
4.9936 3.3731
4.995 3.3832
4.9964 3.3932
4.9978 3.4031
4.9992 3.4131
5.0007 3.423
5.0021 3.4329
5.0035 3.4428
5.0049 3.4526
5.0063 3.4624
5.0077 3.4722
5.0091 3.482
5.0106 3.4917
5.012 3.5015
5.0134 3.5112
5.0148 3.5208
5.0162 3.5305
5.0176 3.5401
5.019 3.5497
5.0205 3.5592
5.0219 3.5688
5.0233 3.5783
5.0247 3.5878
5.0261 3.5973
5.0275 3.6067
5.0289 3.6161
5.0304 3.6255
5.0318 3.6349
5.0332 3.6443
5.0346 3.6536
5.036 3.6629
5.0374 3.6722
5.0388 3.6815
5.0403 3.6907
5.0417 3.6999
5.0431 3.7091
5.0445 3.7183
5.0459 3.7275
5.0473 3.7366
5.0487 3.7457
5.0502 3.7548
5.0516 3.7639
5.053 3.7729
5.0544 3.782
5.0558 3.791
5.0572 3.8
5.0586 3.8089
5.0601 3.8179
5.0615 3.8268
5.0629 3.8357
5.0643 3.8446
5.0657 3.8535
5.0671 3.8623
5.0685 3.8712
5.07 3.88
5.0714 3.8888
5.0728 3.8975
5.0742 3.9063
5.0756 3.915
5.077 3.9237
5.0784 3.9324
5.0799 3.9411
5.0813 3.9498
5.0827 3.9584
5.0841 3.967
5.0855 3.9756
5.0869 3.9842
5.0883 3.9928
5.0898 4.0013
5.0912 4.0099
5.0926 4.0184
5.094 4.0269
5.0954 4.0354
5.0968 4.0438
5.0982 4.0523
5.0997 4.0607
5.1011 4.0691
5.1025 4.0775
5.1039 4.0859
5.1053 4.0942
5.1067 4.1026
5.1081 4.1109
5.1096 4.1192
5.111 4.1275
5.1124 4.1358
5.1138 4.144
5.1152 4.1523
5.1166 4.1605
5.118 4.1687
5.1195 4.1769
5.1209 4.1851
5.1223 4.1933
5.1237 4.2014
5.1251 4.2095
5.1265 4.2176
5.1279 4.2257
5.1294 4.2338
5.1308 4.2419
5.1322 4.2499
5.1336 4.258
5.135 4.266
5.1364 4.274
5.1378 4.282
5.1393 4.29
5.1407 4.2979
5.1421 4.3059
5.1435 4.3138
5.1449 4.3217
5.1463 4.3296
5.1477 4.3375
5.1492 4.3454
5.1506 4.3532
5.152 4.3611
5.1534 4.3689
5.1548 4.3767
5.1562 4.3845
5.1576 4.3923
5.1591 4.4001
5.1605 4.4078
5.1619 4.4156
5.1633 4.4233
5.1647 4.431
5.1661 4.4387
5.1675 4.4464
5.169 4.4541
5.1704 4.4617
5.1718 4.4694
5.1732 4.477
5.1746 4.4846
5.176 4.4922
5.1774 4.4998
5.1789 4.5074
5.1803 4.5149
5.1817 4.5225
5.1831 4.53
5.1845 4.5375
5.1859 4.545
5.1873 4.5525
5.1887 4.56
5.1902 4.5675
5.1916 4.5749
5.193 4.5823
5.1944 4.5898
5.1958 4.5972
5.1972 4.6046
5.1986 4.612
5.2001 4.6193
5.2015 4.6267
5.2029 4.634
5.2043 4.6414
5.2057 4.6487
5.2071 4.656
5.2085 4.6633
5.21 4.6706
5.2114 4.6778
5.2128 4.6851
5.2142 4.6923
5.2156 4.6996
5.217 4.7068
5.2184 4.714
5.2199 4.7212
5.2213 4.7284
5.2227 4.7355
5.2241 4.7427
5.2255 4.7498
5.2269 4.757
5.2283 4.7641
5.2298 4.7712
5.2312 4.7783
5.2326 4.7854
5.234 4.7924
5.2354 4.7995
5.2368 4.8065
5.2382 4.8136
5.2397 4.8206
5.2411 4.8276
5.2425 4.8346
5.2439 4.8416
5.2453 4.8485
5.2467 4.8555
5.2481 4.8624
5.2496 4.8694
5.251 4.8763
5.2524 4.8832
5.2538 4.8901
5.2552 4.897
5.2566 4.9038
5.258 4.9107
5.2595 4.9175
5.2609 4.9244
5.2623 4.9312
5.2637 4.938
5.2651 4.9448
5.2665 4.9516
5.2679 4.9584
5.2694 4.9651
5.2708 4.9719
5.2722 4.9786
5.2736 4.9854
5.275 4.9921
5.2764 4.9988
5.2778 5.0055
5.2793 5.0122
5.2807 5.0188
5.2821 5.0255
5.2835 5.0321
5.2849 5.0388
5.2863 5.0454
5.2877 5.052
5.2892 5.0586
5.2906 5.0652
5.292 5.0718
5.2934 5.0783
5.2948 5.0849
5.2962 5.0914
5.2976 5.098
5.2991 5.1045
5.3005 5.111
5.3019 5.1175
5.3033 5.124
5.3047 5.1304
5.3061 5.1369
5.3075 5.1433
5.309 5.1498
5.3104 5.1562
5.3118 5.1626
5.3132 5.169
5.3146 5.1754
5.316 5.1818
5.3174 5.1881
5.3189 5.1945
5.3203 5.2008
5.3217 5.2072
5.3231 5.2135
5.3245 5.2198
5.3259 5.2261
5.3273 5.2324
5.3288 5.2387
5.3302 5.2449
5.3316 5.2512
5.333 5.2574
5.3344 5.2636
5.3358 5.2698
5.3372 5.276
5.3387 5.2822
5.3401 5.2884
5.3415 5.2946
5.3429 5.3007
5.3443 5.3069
5.3457 5.313
5.3471 5.3192
5.3486 5.3253
5.35 5.3314
5.3514 5.3374
5.3528 5.3435
5.3542 5.3496
5.3556 5.3556
5.357 5.3617
5.3585 5.3677
5.3599 5.3737
5.3613 5.3797
5.3627 5.3857
5.3641 5.3917
5.3655 5.3977
5.3669 5.4036
5.3684 5.4096
5.3698 5.4155
5.3712 5.4215
5.3726 5.4274
5.374 5.4333
5.3754 5.4392
5.3768 5.445
5.3783 5.4509
5.3797 5.4568
5.3811 5.4626
5.3825 5.4684
5.3839 5.4742
5.3853 5.4801
5.3867 5.4858
5.3882 5.4916
5.3896 5.4974
5.391 5.5032
5.3924 5.5089
5.3938 5.5146
5.3952 5.5204
5.3966 5.5261
5.3981 5.5318
5.3995 5.5375
5.4009 5.5431
5.4023 5.5488
5.4037 5.5545
5.4051 5.5601
5.4065 5.5657
5.408 5.5713
5.4094 5.577
5.4108 5.5825
5.4122 5.5881
5.4136 5.5937
5.415 5.5992
5.4164 5.6048
5.4179 5.6103
5.4193 5.6158
5.4207 5.6214
5.4221 5.6268
5.4235 5.6323
5.4249 5.6378
5.4263 5.6433
5.4278 5.6487
5.4292 5.6541
5.4306 5.6596
5.432 5.665
5.4334 5.6704
5.4348 5.6758
5.4362 5.6811
5.4377 5.6865
5.4391 5.6918
5.4405 5.6972
5.4419 5.7025
5.4433 5.7078
5.4447 5.7131
5.4461 5.7184
5.4476 5.7236
5.449 5.7289
5.4504 5.7342
5.4518 5.7394
5.4532 5.7446
5.4546 5.7498
5.456 5.755
5.4575 5.7602
5.4589 5.7654
5.4603 5.7705
5.4617 5.7756
5.4631 5.7806
5.4645 5.7856
5.4659 5.7906
5.4673 5.7955
5.4688 5.8004
5.4702 5.8052
5.4716 5.8101
5.473 5.8149
5.4744 5.8197
5.4758 5.8246
5.4772 5.8294
5.4787 5.8341
5.4801 5.8389
5.4815 5.8437
5.4829 5.8484
5.4843 5.8531
5.4857 5.8578
5.4871 5.8625
5.4886 5.8672
5.49 5.8719
5.4914 5.8765
5.4928 5.8812
5.4942 5.8858
5.4956 5.8904
5.497 5.895
5.4985 5.8996
5.4999 5.9042
5.5013 5.9087
5.5027 5.9133
5.5041 5.9178
5.5055 5.9223
5.5069 5.9269
5.5084 5.9313
5.5098 5.9358
5.5112 5.9403
5.5126 5.9447
5.514 5.9492
5.5154 5.9536
5.5168 5.958
5.5183 5.9624
5.5197 5.9668
5.5211 5.9712
5.5225 5.9755
5.5239 5.9799
5.5253 5.9842
5.5267 5.9885
5.5282 5.9928
5.5296 5.997
5.531 6.0013
5.5324 6.0055
5.5338 6.0098
5.5352 6.014
5.5366 6.0182
5.5381 6.0224
5.5395 6.0265
5.5409 6.0307
5.5423 6.0348
5.5437 6.0389
5.5451 6.043
5.5465 6.0471
5.548 6.0512
5.5494 6.0553
5.5508 6.0593
5.5522 6.0633
5.5536 6.0674
5.555 6.0714
5.5564 6.0753
5.5579 6.0793
5.5593 6.0833
5.5607 6.0872
5.5621 6.0911
5.5635 6.095
5.5649 6.0989
5.5663 6.1028
5.5678 6.1066
5.5692 6.1105
5.5706 6.1143
5.572 6.1181
5.5734 6.1219
5.5748 6.1257
5.5762 6.1294
5.5777 6.1331
5.5791 6.1369
5.5805 6.1406
5.5819 6.1443
5.5833 6.1479
5.5847 6.1516
5.5861 6.1552
5.5876 6.1588
5.589 6.1624
5.5904 6.166
5.5918 6.1696
5.5932 6.1731
5.5946 6.1767
5.596 6.1802
5.5975 6.1837
5.5989 6.1871
5.6003 6.1906
5.6017 6.194
5.6031 6.1975
5.6045 6.2009
5.6059 6.2043
5.6074 6.2076
5.6088 6.211
5.6102 6.2143
5.6116 6.2176
5.613 6.2209
5.6144 6.2242
5.6158 6.2275
5.6173 6.2307
5.6187 6.2339
5.6201 6.2371
5.6215 6.2403
5.6229 6.2435
5.6243 6.2466
5.6257 6.2498
5.6272 6.2529
5.6286 6.256
5.63 6.259
5.6314 6.2621
5.6328 6.2651
5.6342 6.2681
5.6356 6.2711
5.6371 6.2741
5.6385 6.277
5.6399 6.2799
5.6413 6.2829
5.6427 6.2857
5.6441 6.2886
5.6455 6.2914
5.647 6.2943
5.6484 6.2971
5.6498 6.2998
5.6512 6.3026
5.6526 6.3053
5.654 6.3081
5.6554 6.3107
5.6569 6.3134
5.6583 6.3161
5.6597 6.3187
5.6611 6.3213
5.6625 6.3239
5.6639 6.3264
5.6653 6.329
5.6668 6.3315
5.6682 6.334
5.6696 6.3365
5.671 6.3389
5.6724 6.3413
5.6738 6.3437
5.6752 6.3461
5.6767 6.3484
5.6781 6.3508
5.6795 6.3531
5.6809 6.3553
5.6823 6.3576
5.6837 6.3598
5.6851 6.362
5.6866 6.3642
5.688 6.3664
5.6894 6.3685
5.6908 6.3706
5.6922 6.3727
5.6936 6.3747
5.695 6.3767
5.6965 6.3787
5.6979 6.3807
5.6993 6.3827
5.7007 6.3846
5.7021 6.3865
5.7035 6.3883
5.7049 6.3902
5.7064 6.392
5.7078 6.3938
5.7092 6.3955
5.7106 6.3973
5.712 6.399
5.7134 6.4006
5.7148 6.4023
5.7163 6.4039
5.7177 6.4055
5.7191 6.407
5.7205 6.4085
5.7219 6.41
5.7233 6.4115
5.7247 6.4129
5.7262 6.4143
5.7276 6.4157
5.729 6.417
5.7304 6.4183
5.7318 6.4196
5.7332 6.4208
5.7346 6.4221
5.7361 6.4232
5.7375 6.4244
5.7389 6.4255
5.7403 6.4265
5.7417 6.4276
5.7431 6.4286
5.7445 6.4295
5.7459 6.4305
5.7474 6.4313
5.7488 6.4322
5.7502 6.433
5.7516 6.4338
5.753 6.4345
5.7544 6.4352
5.7558 6.4358
5.7573 6.4364
5.7587 6.437
5.7601 6.4375
5.7615 6.438
5.7629 6.4384
5.7643 6.4388
5.7657 6.4391
5.7672 6.4394
5.7686 6.4396
5.77 6.4398
5.7714 6.4399
5.7728 6.44
5.7742 6.44
5.7756 6.4399
5.7771 6.4398
5.7785 6.4397
5.7799 6.4395
5.7813 6.4392
5.7827 6.4388
5.7841 6.4384
5.7855 6.438
5.787 6.4374
5.7884 6.4368
5.7898 6.4362
5.7912 6.4354
5.7926 6.4346
5.794 6.4337
5.7954 6.4328
5.7969 6.4318
5.7983 6.4307
5.7997 6.4295
5.8011 6.4283
5.8025 6.4269
5.8039 6.4255
5.8053 6.4241
5.8068 6.4225
5.8082 6.4209
5.8096 6.4192
5.811 6.4174
5.8124 6.4155
5.8138 6.4136
5.8152 6.4115
5.8167 6.4094
5.8181 6.4072
5.8195 6.405
5.8209 6.4026
5.8223 6.4002
5.8237 6.3977
5.8251 6.3951
5.8266 6.3925
5.828 6.3898
5.8294 6.3869
5.8308 6.3841
5.8322 6.3811
5.8336 6.3781
5.835 6.3749
5.8365 6.3718
5.8379 6.3685
5.8393 6.3652
5.8407 6.3618
5.8421 6.3583
5.8435 6.3547
5.8449 6.3511
5.8464 6.3474
5.8478 6.3436
5.8492 6.3398
5.8506 6.3359
5.852 6.3319
5.8534 6.3279
5.8548 6.3238
5.8563 6.3196
5.8577 6.3153
5.8591 6.311
5.8605 6.3065
5.8619 6.3021
5.8633 6.2975
5.8647 6.2929
5.8662 6.2881
5.8676 6.2834
5.869 6.2785
5.8704 6.2735
5.8718 6.2685
5.8732 6.2633
5.8746 6.2581
5.8761 6.2528
5.8775 6.2474
5.8789 6.2419
5.8803 6.2363
5.8817 6.2306
5.8831 6.2247
5.8845 6.2188
5.886 6.2127
5.8874 6.2065
5.8888 6.2002
5.8902 6.1938
5.8916 6.1872
5.893 6.1805
5.8944 6.1736
5.8959 6.1666
5.8973 6.1595
5.8987 6.1521
5.9001 6.1446
5.9015 6.137
5.9029 6.1291
5.9043 6.1211
5.9058 6.1129
5.9072 6.1045
5.9086 6.0959
5.91 6.0872
5.9114 6.0782
5.9128 6.069
5.9142 6.0596
5.9157 6.05
5.9171 6.0402
5.9185 6.0301
5.9199 6.0199
5.9213 6.0094
5.9227 5.9987
5.9241 5.9878
5.9256 5.9767
5.927 5.9653
5.9284 5.9537
5.9298 5.9419
5.9312 5.9299
5.9326 5.9177
5.934 5.9053
5.9355 5.8926
5.9369 5.8797
5.9383 5.8666
5.9397 5.8534
5.9411 5.8399
5.9425 5.8262
5.9439 5.8124
5.9454 5.7983
5.9468 5.7841
5.9482 5.7697
5.9496 5.7551
5.951 5.7404
5.9524 5.7255
5.9538 5.7105
5.9553 5.6954
5.9567 5.68
5.9581 5.6646
5.9595 5.6491
5.9609 5.6334
5.9623 5.6176
5.9637 5.6018
5.9652 5.5858
5.9666 5.5698
5.968 5.5537
5.9694 5.5375
5.9708 5.5212
5.9722 5.5049
5.9736 5.4886
5.9751 5.4722
5.9765 5.4558
5.9779 5.4394
5.9793 5.4229
5.9807 5.4065
5.9821 5.39
5.9835 5.3736
5.985 5.3571
5.9864 5.3407
5.9878 5.3243
5.9892 5.3079
5.9906 5.2916
5.992 5.2753
5.9934 5.259
5.9949 5.2428
5.9963 5.2267
5.9977 5.2106
5.9991 5.1946
6.0005 5.1786
6.0019 5.1628
6.0033 5.147
6.0048 5.1313
6.0062 5.1156
6.0076 5.1001
6.009 5.0846
6.0104 5.0693
6.0118 5.054
6.0132 5.0389
6.0147 5.0238
6.0161 5.0089
6.0175 4.994
6.0189 4.9793
6.0203 4.9647
6.0217 4.9502
6.0231 4.9358
6.0245 4.9215
6.026 4.9073
6.0274 4.8933
6.0288 4.8793
6.0302 4.8655
6.0316 4.8518
6.033 4.8382
6.0344 4.8247
6.0359 4.8114
6.0373 4.7981
6.0387 4.785
6.0401 4.772
6.0415 4.7591
6.0429 4.7463
6.0443 4.7337
6.0458 4.7211
6.0472 4.7087
6.0486 4.6964
6.05 4.6841
6.0514 4.672
6.0528 4.6601
6.0542 4.6482
6.0557 4.6364
6.0571 4.6247
6.0585 4.6132
6.0599 4.6017
6.0613 4.5904
6.0627 4.5791
6.0641 4.568
6.0656 4.557
6.067 4.546
6.0684 4.5352
6.0698 4.5244
6.0712 4.5138
6.0726 4.5033
6.074 4.4928
6.0755 4.4825
6.0769 4.4722
6.0783 4.462
6.0797 4.4519
6.0811 4.442
6.0825 4.4321
6.0839 4.4223
6.0854 4.4126
6.0868 4.4029
6.0882 4.3934
6.0896 4.384
6.091 4.3746
6.0924 4.3653
6.0938 4.3561
6.0953 4.347
6.0967 4.338
6.0981 4.3291
6.0995 4.3202
6.1009 4.3115
6.1023 4.3028
6.1037 4.2942
6.1052 4.2857
6.1066 4.2773
6.108 4.2689
6.1094 4.2607
6.1108 4.2525
6.1122 4.2444
6.1136 4.2364
6.1151 4.2284
6.1165 4.2206
6.1179 4.2128
6.1193 4.2051
6.1207 4.1975
6.1221 4.19
6.1235 4.1826
6.125 4.1752
6.1264 4.1679
6.1278 4.1607
6.1292 4.1536
6.1306 4.1465
6.132 4.1396
6.1334 4.1327
6.1349 4.1259
6.1363 4.1192
6.1377 4.1125
6.1391 4.1059
6.1405 4.0994
6.1419 4.093
6.1433 4.0867
6.1448 4.0804
6.1462 4.0742
6.1476 4.0681
6.149 4.0621
6.1504 4.0561
6.1518 4.0502
6.1532 4.0444
6.1547 4.0386
6.1561 4.0329
6.1575 4.0273
6.1589 4.0218
6.1603 4.0163
6.1617 4.011
6.1631 4.0056
6.1646 4.0004
6.166 3.9952
6.1674 3.9901
6.1688 3.985
6.1702 3.98
6.1716 3.9751
6.173 3.9702
6.1745 3.9654
6.1759 3.9607
6.1773 3.956
6.1787 3.9514
6.1801 3.9468
6.1815 3.9423
6.1829 3.9379
6.1844 3.9335
6.1858 3.9291
6.1872 3.9249
6.1886 3.9206
6.19 3.9165
6.1914 3.9123
6.1928 3.9082
6.1943 3.9042
6.1957 3.9002
6.1971 3.8963
6.1985 3.8924
6.1999 3.8885
6.2013 3.8847
6.2027 3.881
6.2042 3.8772
6.2056 3.8735
6.207 3.8699
6.2084 3.8662
6.2098 3.8626
6.2112 3.8591
6.2126 3.8555
6.2141 3.852
6.2155 3.8485
6.2169 3.845
6.2183 3.8416
6.2197 3.8381
6.2211 3.8347
6.2225 3.8313
6.224 3.8279
6.2254 3.8244
6.2268 3.821
6.2282 3.8175
6.2296 3.8141
6.231 3.8104
6.2324 3.8068
6.2339 3.8031
6.2353 3.7994
6.2367 3.7957
6.2381 3.7919
6.2395 3.7882
6.2409 3.7845
6.2423 3.7806
6.2438 3.7767
6.2452 3.7729
6.2466 3.7691
6.248 3.7653
6.2494 3.7616
6.2508 3.758
6.2522 3.7544
6.2537 3.7509
6.2551 3.7475
6.2565 3.7443
6.2579 3.7411
6.2593 3.7381
6.2607 3.7352
6.2621 3.7324
6.2636 3.7298
6.265 3.7273
6.2664 3.725
6.2678 3.7228
6.2692 3.7208
6.2706 3.719
6.272 3.7173
6.2735 3.7158
6.2749 3.7145
6.2763 3.7133
6.2777 3.7123
6.2791 3.7114
6.2805 3.7107
6.2819 3.7102
6.2834 3.7098
6.2848 3.7095
6.2862 3.7094
6.2876 3.7094
6.289 3.7095
6.2904 3.7098
6.2918 3.7101
6.2933 3.7106
6.2947 3.7112
6.2961 3.7118
6.2975 3.7125
6.2989 3.7133
6.3003 3.7142
6.3017 3.7152
6.3031 3.7162
6.3046 3.7172
6.306 3.7184
6.3074 3.7195
6.3088 3.7207
6.3102 3.722
6.3116 3.7232
6.313 3.7246
6.3145 3.7259
6.3159 3.7273
6.3173 3.7287
6.3187 3.7301
6.3201 3.7315
6.3215 3.733
6.3229 3.7345
6.3244 3.7361
6.3258 3.7376
6.3272 3.7392
6.3286 3.7408
6.33 3.7424
6.3314 3.7441
6.3328 3.7458
6.3343 3.7475
6.3357 3.7492
6.3371 3.751
6.3385 3.7528
6.3399 3.7546
6.3413 3.7564
6.3427 3.7583
6.3442 3.7602
6.3456 3.7622
6.347 3.7641
6.3484 3.7661
6.3498 3.7681
6.3512 3.7702
6.3526 3.7723
6.3541 3.7743
6.3555 3.7765
6.3569 3.7786
6.3583 3.7808
6.3597 3.7829
6.3611 3.7851
6.3625 3.7873
6.364 3.7895
6.3654 3.7918
6.3668 3.794
6.3682 3.7963
6.3696 3.7985
6.371 3.8008
6.3724 3.8031
6.3739 3.8053
6.3753 3.8076
6.3767 3.8099
6.3781 3.8122
6.3795 3.8144
6.3809 3.8167
6.3823 3.819
6.3838 3.8213
6.3852 3.8235
6.3866 3.8258
6.388 3.8281
6.3894 3.8303
6.3908 3.8326
6.3922 3.8348
6.3937 3.8371
6.3951 3.8393
6.3965 3.8416
6.3979 3.8438
6.3993 3.846
6.4007 3.8482
6.4021 3.8505
6.4036 3.8527
6.405 3.8549
6.4064 3.8571
6.4078 3.8592
6.4092 3.8614
6.4106 3.8636
6.412 3.8657
6.4135 3.8678
6.4149 3.87
6.4163 3.872
6.4177 3.8741
6.4191 3.8762
6.4205 3.8782
6.4219 3.8802
6.4234 3.8822
6.4248 3.8841
6.4262 3.886
6.4276 3.8879
6.429 3.8897
6.4304 3.8915
6.4318 3.8933
6.4333 3.895
6.4347 3.8967
6.4361 3.8983
6.4375 3.8999
6.4389 3.9015
6.4403 3.903
6.4417 3.9045
6.4432 3.9059
6.4446 3.9073
6.446 3.9086
6.4474 3.9099
6.4488 3.9112
6.4502 3.9124
6.4516 3.9136
6.4531 3.9147
6.4545 3.9158
6.4559 3.9169
6.4573 3.9179
6.4587 3.919
6.4601 3.9199
6.4615 3.9209
6.463 3.9218
6.4644 3.9227
6.4658 3.9236
6.4672 3.9245
6.4686 3.9253
6.47 3.9261
6.4714 3.9269
6.4729 3.9277
6.4743 3.9285
6.4757 3.9292
6.4771 3.9299
6.4785 3.9306
6.4799 3.9313
6.4813 3.9319
6.4828 3.9326
6.4842 3.9332
6.4856 3.9338
6.487 3.9343
6.4884 3.9349
6.4898 3.9354
6.4912 3.9359
6.4927 3.9363
6.4941 3.9368
6.4955 3.9372
6.4969 3.9376
6.4983 3.938
6.4997 3.9383
6.5011 3.9387
6.5026 3.939
6.504 3.9393
6.5054 3.9396
6.5068 3.9399
6.5082 3.9401
6.5096 3.9404
6.511 3.9406
6.5125 3.9408
6.5139 3.9411
6.5153 3.9413
6.5167 3.9415
6.5181 3.9417
6.5195 3.9419
6.5209 3.9421
6.5224 3.9422
6.5238 3.9424
6.5252 3.9426
6.5266 3.9428
6.528 3.9429
6.5294 3.9431
6.5308 3.9432
6.5323 3.9434
6.5337 3.9435
6.5351 3.9436
6.5365 3.9437
6.5379 3.9437
6.5393 3.9438
6.5407 3.9438
6.5422 3.9438
6.5436 3.9437
6.545 3.9436
6.5464 3.9434
6.5478 3.9432
6.5492 3.943
6.5506 3.9427
6.5521 3.9424
6.5535 3.9419
6.5549 3.9415
6.5563 3.9409
6.5577 3.9403
6.5591 3.9396
6.5605 3.9389
6.562 3.9381
6.5634 3.9372
6.5648 3.9362
6.5662 3.9352
6.5676 3.9341
6.569 3.9329
6.5704 3.9317
6.5719 3.9304
6.5733 3.929
6.5747 3.9275
6.5761 3.926
6.5775 3.9244
6.5789 3.9228
6.5803 3.9211
6.5817 3.9193
6.5832 3.9175
6.5846 3.9156
6.586 3.9137
6.5874 3.9118
6.5888 3.9097
6.5902 3.9077
6.5916 3.9056
6.5931 3.9035
6.5945 3.9013
6.5959 3.8992
6.5973 3.8969
6.5987 3.8947
6.6001 3.8925
6.6015 3.8902
6.603 3.8879
6.6044 3.8856
6.6058 3.8833
6.6072 3.8809
6.6086 3.8786
6.61 3.8762
6.6114 3.8739
6.6129 3.8715
6.6143 3.8691
6.6157 3.8668
6.6171 3.8644
6.6185 3.8621
6.6199 3.8597
6.6213 3.8574
6.6228 3.855
6.6242 3.8526
6.6256 3.8502
6.627 3.8478
6.6284 3.8454
6.6298 3.843
6.6312 3.8406
6.6327 3.8381
6.6341 3.8356
6.6355 3.8332
6.6369 3.8307
6.6383 3.8282
6.6397 3.8257
6.6411 3.8232
6.6426 3.8207
6.644 3.8182
6.6454 3.8158
6.6468 3.8133
6.6482 3.8109
6.6496 3.8084
6.651 3.806
6.6525 3.8035
6.6539 3.8011
6.6553 3.7986
6.6567 3.7962
6.6581 3.7937
6.6595 3.7912
6.6609 3.7887
6.6624 3.7863
6.6638 3.7838
6.6652 3.7813
6.6666 3.7788
6.668 3.7763
6.6694 3.7739
6.6708 3.7714
6.6723 3.7689
6.6737 3.7664
6.6751 3.7639
6.6765 3.7614
6.6779 3.759
6.6793 3.7565
6.6807 3.754
6.6822 3.7515
6.6836 3.749
6.685 3.7466
6.6864 3.7441
6.6878 3.7416
6.6892 3.7391
6.6906 3.7366
6.6921 3.7341
6.6935 3.7316
6.6949 3.7291
6.6963 3.7266
6.6977 3.7241
6.6991 3.7216
6.7005 3.719
6.702 3.7165
6.7034 3.7139
6.7048 3.7113
6.7062 3.7087
6.7076 3.7061
6.709 3.7035
6.7104 3.7009
6.7119 3.6982
6.7133 3.6956
6.7147 3.6929
6.7161 3.6902
6.7175 3.6876
6.7189 3.6849
6.7203 3.6821
6.7218 3.6794
6.7232 3.6767
6.7246 3.6739
6.726 3.6712
6.7274 3.6684
6.7288 3.6656
6.7302 3.6628
6.7317 3.66
6.7331 3.6572
6.7345 3.6543
6.7359 3.6515
6.7373 3.6486
6.7387 3.6457
6.7401 3.6428
6.7416 3.6399
6.743 3.637
6.7444 3.634
6.7458 3.6311
6.7472 3.6281
6.7486 3.6251
6.75 3.6221
6.7515 3.6191
6.7529 3.6161
6.7543 3.6131
6.7557 3.6101
6.7571 3.6071
6.7585 3.6041
6.7599 3.601
6.7614 3.598
6.7628 3.595
6.7642 3.592
6.7656 3.5889
6.767 3.5859
6.7684 3.5829
6.7698 3.5799
6.7713 3.5769
6.7727 3.5739
6.7741 3.571
6.7755 3.568
6.7769 3.565
6.7783 3.5621
6.7797 3.5591
6.7812 3.5562
6.7826 3.5533
6.784 3.5504
6.7854 3.5475
6.7868 3.5446
6.7882 3.5418
6.7896 3.5389
6.7911 3.5361
6.7925 3.5333
6.7939 3.5305
6.7953 3.5277
6.7967 3.5249
6.7981 3.5222
6.7995 3.5195
6.801 3.5168
6.8024 3.5141
6.8038 3.5114
6.8052 3.5088
6.8066 3.5061
6.808 3.5035
6.8094 3.501
6.8109 3.4984
6.8123 3.4959
6.8137 3.4934
6.8151 3.4909
6.8165 3.4884
6.8179 3.4859
6.8193 3.4835
6.8208 3.481
6.8222 3.4786
6.8236 3.4762
6.825 3.4738
6.8264 3.4714
6.8278 3.469
6.8292 3.4667
6.8307 3.4643
6.8321 3.4619
6.8335 3.4596
6.8349 3.4572
6.8363 3.4548
6.8377 3.4525
6.8391 3.4501
6.8406 3.4477
6.842 3.4453
6.8434 3.4429
6.8448 3.4405
6.8462 3.4381
6.8476 3.4357
6.849 3.4332
6.8505 3.4307
6.8519 3.4282
6.8533 3.4257
6.8547 3.4231
6.8561 3.4206
6.8575 3.4179
6.8589 3.4153
6.8603 3.4126
6.8618 3.4099
6.8632 3.4072
6.8646 3.4044
6.866 3.4015
6.8674 3.3986
6.8688 3.3957
6.8702 3.3927
6.8717 3.3897
6.8731 3.3867
6.8745 3.3836
6.8759 3.3804
6.8773 3.3772
6.8787 3.3739
6.8801 3.3706
6.8816 3.3673
6.883 3.3639
6.8844 3.3604
6.8858 3.3569
6.8872 3.3534
6.8886 3.3498
6.89 3.3462
6.8915 3.3425
6.8929 3.3388
6.8943 3.335
6.8957 3.3313
6.8971 3.3274
6.8985 3.3236
6.8999 3.3197
6.9014 3.3158
6.9028 3.3118
6.9042 3.3079
6.9056 3.3039
6.907 3.2998
6.9084 3.2958
6.9098 3.2917
6.9113 3.2876
6.9127 3.2835
6.9141 3.2793
6.9155 3.2752
6.9169 3.271
6.9183 3.2669
6.9197 3.2627
6.9212 3.2585
6.9226 3.2543
6.924 3.2501
6.9254 3.2459
6.9268 3.2416
6.9282 3.2374
6.9296 3.2332
6.9311 3.229
6.9325 3.2248
6.9339 3.2206
6.9353 3.2164
6.9367 3.2122
6.9381 3.2081
6.9395 3.2039
6.941 3.1998
6.9424 3.1956
6.9438 3.1915
6.9452 3.1875
6.9466 3.1834
6.948 3.1793
6.9494 3.1753
6.9509 3.1713
6.9523 3.1674
6.9537 3.1634
6.9551 3.1595
6.9565 3.1556
6.9579 3.1518
6.9593 3.148
6.9608 3.1442
6.9622 3.1404
6.9636 3.1367
6.965 3.133
6.9664 3.1293
6.9678 3.1257
6.9692 3.1221
6.9707 3.1185
6.9721 3.115
6.9735 3.1115
6.9749 3.108
6.9763 3.1046
6.9777 3.1012
6.9791 3.0978
6.9806 3.0945
6.982 3.0912
6.9834 3.0879
6.9848 3.0847
6.9862 3.0815
6.9876 3.0783
6.989 3.0752
6.9905 3.072
6.9919 3.069
6.9933 3.0659
6.9947 3.0629
6.9961 3.0599
6.9975 3.0569
6.9989 3.0539
7.0004 3.051
7.0018 3.0481
7.0032 3.0452
7.0046 3.0423
7.006 3.0394
7.0074 3.0366
7.0088 3.0338
7.0103 3.031
7.0117 3.0282
7.0131 3.0254
7.0145 3.0226
7.0159 3.0198
7.0173 3.0171
7.0187 3.0143
7.0202 3.0116
7.0216 3.0089
7.023 3.0061
7.0244 3.0034
7.0258 3.0007
7.0272 2.9979
7.0286 2.9952
7.0301 2.9925
7.0315 2.9898
7.0329 2.987
7.0343 2.9843
7.0357 2.9816
7.0371 2.9788
7.0385 2.976
7.04 2.9733
7.0414 2.9705
7.0428 2.9677
7.0442 2.9649
7.0456 2.9621
7.047 2.9593
7.0484 2.9565
7.0499 2.9537
7.0513 2.9508
7.0527 2.948
7.0541 2.9451
7.0555 2.9422
7.0569 2.9393
7.0583 2.9364
7.0598 2.9334
7.0612 2.9305
7.0626 2.9275
7.064 2.9245
7.0654 2.9214
7.0668 2.9184
7.0682 2.9153
7.0697 2.9122
7.0711 2.9091
7.0725 2.9059
7.0739 2.9027
7.0753 2.8995
7.0767 2.8963
7.0781 2.893
7.0796 2.8896
7.081 2.8863
7.0824 2.8829
7.0838 2.8795
7.0852 2.876
7.0866 2.8725
7.088 2.8689
7.0895 2.8654
7.0909 2.8617
7.0923 2.858
7.0937 2.8543
7.0951 2.8505
7.0965 2.8467
7.0979 2.8429
7.0994 2.8389
7.1008 2.835
7.1022 2.831
7.1036 2.8269
7.105 2.8228
7.1064 2.8187
7.1078 2.8145
7.1093 2.8103
7.1107 2.806
7.1121 2.8017
7.1135 2.7973
7.1149 2.7929
7.1163 2.7884
7.1177 2.7839
7.1192 2.7794
7.1206 2.7748
7.122 2.7702
7.1234 2.7655
7.1248 2.7608
7.1262 2.756
7.1276 2.7513
7.1291 2.7464
7.1305 2.7416
7.1319 2.7367
7.1333 2.7318
7.1347 2.7268
7.1361 2.7218
7.1375 2.7167
7.139 2.7116
7.1404 2.7065
7.1418 2.7014
7.1432 2.6962
7.1446 2.6909
7.146 2.6856
7.1474 2.6803
7.1488 2.675
7.1503 2.6696
7.1517 2.6641
7.1531 2.6586
7.1545 2.6531
7.1559 2.6475
7.1573 2.6419
7.1587 2.6362
7.1602 2.6305
7.1616 2.6247
7.163 2.6189
7.1644 2.613
7.1658 2.6071
7.1672 2.6011
7.1686 2.595
7.1701 2.5889
7.1715 2.5828
7.1729 2.5765
7.1743 2.5703
7.1757 2.564
7.1771 2.5576
7.1785 2.5511
7.18 2.5446
7.1814 2.5381
7.1828 2.5315
7.1842 2.5248
7.1856 2.5181
7.187 2.5113
7.1884 2.5045
7.1899 2.4976
7.1913 2.4907
7.1927 2.4837
7.1941 2.4767
7.1955 2.4697
7.1969 2.4625
7.1983 2.4554
7.1998 2.4482
7.2012 2.4409
7.2026 2.4337
7.204 2.4264
7.2054 2.419
7.2068 2.4116
7.2082 2.4042
7.2097 2.3968
7.2111 2.3893
7.2125 2.3818
7.2139 2.3743
7.2153 2.3668
7.2167 2.3592
7.2181 2.3517
7.2196 2.3441
7.221 2.3365
7.2224 2.3289
7.2238 2.3212
7.2252 2.3136
7.2266 2.306
7.228 2.2983
7.2295 2.2907
7.2309 2.2831
7.2323 2.2754
7.2337 2.2678
7.2351 2.2601
7.2365 2.2525
7.2379 2.2449
7.2394 2.2372
7.2408 2.2296
7.2422 2.222
7.2436 2.2144
7.245 2.2068
7.2464 2.1993
7.2478 2.1917
7.2493 2.1841
7.2507 2.1766
7.2521 2.1691
7.2535 2.1616
7.2549 2.1541
7.2563 2.1466
7.2577 2.1392
7.2592 2.1318
7.2606 2.1243
7.262 2.117
7.2634 2.1096
7.2648 2.1022
7.2662 2.0949
7.2676 2.0876
7.2691 2.0803
7.2705 2.0731
7.2719 2.0658
7.2733 2.0586
7.2747 2.0514
7.2761 2.0442
7.2775 2.0371
7.279 2.03
7.2804 2.0229
7.2818 2.0158
7.2832 2.0088
7.2846 2.0018
7.286 1.9948
7.2874 1.9878
7.2889 1.9809
7.2903 1.974
7.2917 1.9671
7.2931 1.9602
7.2945 1.9534
7.2959 1.9466
7.2973 1.9398
7.2988 1.933
7.3002 1.9263
7.3016 1.9196
7.303 1.913
7.3044 1.9063
7.3058 1.8997
7.3072 1.8931
7.3087 1.8865
7.3101 1.88
7.3115 1.8735
7.3129 1.867
7.3143 1.8606
7.3157 1.8541
7.3171 1.8477
7.3186 1.8413
7.32 1.835
7.3214 1.8286
7.3228 1.8223
7.3242 1.816
7.3256 1.8097
7.327 1.8035
7.3285 1.7972
7.3299 1.791
7.3313 1.7848
7.3327 1.7786
7.3341 1.7724
7.3355 1.7663
7.3369 1.7601
7.3384 1.754
7.3398 1.7478
7.3412 1.7417
7.3426 1.7356
7.344 1.7295
7.3454 1.7234
7.3468 1.7173
7.3483 1.7112
7.3497 1.7051
7.3511 1.699
7.3525 1.6928
7.3539 1.6867
7.3553 1.6806
7.3567 1.6745
7.3582 1.6683
7.3596 1.6622
7.361 1.656
7.3624 1.6499
7.3638 1.6437
7.3652 1.6375
7.3666 1.6312
7.3681 1.625
7.3695 1.6187
7.3709 1.6125
7.3723 1.6061
7.3737 1.5998
7.3751 1.5935
7.3765 1.5871
7.378 1.5807
7.3794 1.5742
7.3808 1.5678
7.3822 1.5613
7.3836 1.5548
7.385 1.5482
7.3864 1.5416
7.3879 1.535
7.3893 1.5283
7.3907 1.5216
7.3921 1.5149
7.3935 1.5081
7.3949 1.5013
7.3963 1.4944
7.3978 1.4874
7.3992 1.4804
7.4006 1.4733
7.402 1.4661
7.4034 1.4589
7.4048 1.4516
7.4062 1.4441
7.4077 1.4366
7.4091 1.429
7.4105 1.4212
7.4119 1.4134
7.4133 1.4054
7.4147 1.3972
7.4161 1.389
7.4176 1.3806
7.419 1.372
7.4204 1.3633
7.4218 1.3544
7.4232 1.3453
7.4246 1.3361
7.426 1.3267
7.4274 1.3171
7.4289 1.3074
7.4303 1.2974
7.4317 1.2873
7.4331 1.2771
7.4345 1.2666
7.4359 1.256
7.4373 1.2452
7.4388 1.2343
7.4402 1.2232
7.4416 1.2119
7.443 1.2005
7.4444 1.189
7.4458 1.1773
7.4472 1.1654
7.4487 1.1535
7.4501 1.1414
7.4515 1.1293
7.4529 1.117
7.4543 1.1046
7.4557 1.0922
7.4571 1.0796
7.4586 1.067
7.46 1.0544
7.4614 1.0416
7.4628 1.0289
7.4642 1.0161
7.4656 1.0033
7.467 0.99047
7.4685 0.97764
7.4699 0.9648
7.4713 0.95197
7.4727 0.93915
7.4741 0.92635
7.4755 0.91357
7.4769 0.90082
7.4784 0.8881
7.4798 0.87544
7.4812 0.86283
7.4826 0.85029
7.484 0.83783
7.4854 0.82545
7.4868 0.81316
7.4883 0.80097
7.4897 0.78889
7.4911 0.77689
7.4925 0.76499
7.4939 0.75317
7.4953 0.74143
7.4967 0.72978
7.4982 0.71821
7.4996 0.70675
7.501 0.69538
7.5024 0.68412
7.5038 0.67298
7.5052 0.66196
7.5066 0.65107
7.5081 0.64032
7.5095 0.62972
7.5109 0.61926
7.5123 0.60896
7.5137 0.59881
7.5151 0.58882
7.5165 0.57899
7.518 0.56932
7.5194 0.55981
7.5208 0.55046
7.5222 0.54127
7.5236 0.53219
7.525 0.52317
7.5264 0.51416
7.5279 0.50516
7.5293 0.49623
7.5307 0.48739
7.5321 0.47866
7.5335 0.47
7.5349 0.46142
7.5363 0.45293
7.5378 0.44452
7.5392 0.43621
7.5406 0.42798
7.542 0.41986
7.5434 0.41182
7.5448 0.40389
7.5462 0.39606
7.5477 0.38834
7.5491 0.38071
7.5505 0.37314
7.5519 0.36569
7.5533 0.35146
7.5547 0.33778
7.5561 0.32463
7.5576 0.31757
7.559 0.31066
7.5604 0.29904
7.5618 0.28769
7.5632 0.27663
7.5646 0.26586
7.566 0.25538
7.5675 0.24521
7.5689 0.23535
7.5703 0.2258
7.5717 0.21658
7.5731 0.20767
7.5745 0.19909
7.5759 0.19084
7.5774 0.183
7.5788 0.17547
7.5802 0.16827
7.5816 0.16138
7.583 0.15757
7.5844 0.15665
7.5858 0.15035
7.5873 0.14431
7.5887 0.13855
7.5901 0.13307
7.5915 0.12789
7.5929 0.12302
7.5943 0.11846
7.5957 0.11367
7.5972 0.10932
7.5986 0.10543
7.6 0.10198
7.6014 0.098989
7.6028 0.096442
7.6042 0.094341
7.6056 0.092685
7.6071 0.091473
7.6085 0.090705
7.6099 0.090382
7.6113 0.090508
7.6127 0.091091
7.6141 0.092138
7.6155 0.093663
7.617 0.095685
7.6184 0.098227
7.6198 0.10132
7.6212 0.10659
7.6226 0.11198
7.624 0.11747
7.6254 0.12308
7.6269 0.1288
7.6283 0.13465
7.6297 0.14063
7.6311 0.14675
7.6325 0.15304
7.6339 0.15949
7.6353 0.16614
7.6368 0.173
7.6382 0.1801
7.6396 0.18746
7.641 0.19511
7.6424 0.2031
7.6438 0.21147
7.6452 0.22025
7.6467 0.2295
7.6481 0.23927
7.6495 0.24965
7.6509 0.26069
7.6523 0.27202
7.6537 0.28335
7.6551 0.29512
7.6566 0.30656
7.658 0.31852
7.6594 0.33073
7.6608 0.34253
7.6622 0.35469
7.6636 0.36697
7.665 0.37856
7.6665 0.39019
7.6679 0.40178
7.6693 0.41323
7.6707 0.42447
7.6721 0.43446
7.6735 0.44383
7.6749 0.45242
7.6764 0.46009
7.6778 0.46668
7.6792 0.47206
7.6806 0.47611
7.682 0.47872
7.6834 0.47982
7.6848 0.47938
7.6863 0.47951
7.6877 0.47962
7.6891 0.4797
7.6905 0.47975
7.6919 0.47978
7.6933 0.47977
7.6947 0.47971
7.6962 0.4796
7.6976 0.47939
7.699 0.47906
7.7004 0.47857
7.7018 0.4779
7.7032 0.47701
7.7046 0.47585
7.706 0.47441
7.7075 0.47263
7.7089 0.4705
7.7103 0.46799
7.7117 0.46507
7.7131 0.46173
7.7145 0.45796
7.7159 0.45374
7.7174 0.44909
7.7188 0.44401
7.7202 0.43852
7.7216 0.43263
7.723 0.42639
7.7244 0.4198
7.7258 0.41292
7.7273 0.40578
7.7287 0.39842
7.7301 0.39089
7.7315 0.38322
7.7329 0.37546
7.7343 0.36764
7.7357 0.3598
7.7372 0.35197
7.7386 0.34419
7.74 0.33649
7.7414 0.32888
7.7428 0.3214
7.7442 0.31405
7.7456 0.30685
7.7471 0.29982
7.7485 0.29296
7.7499 0.28629
7.7513 0.2798
7.7527 0.2735
7.7541 0.2674
7.7555 0.26148
7.757 0.25576
7.7584 0.25023
7.7598 0.24488
7.7612 0.23972
7.7626 0.23474
7.764 0.22993
7.7654 0.22531
7.7669 0.22085
7.7683 0.21656
7.7697 0.21243
7.7711 0.20845
7.7725 0.20462
7.7739 0.20093
7.7753 0.19738
7.7768 0.19396
7.7782 0.19066
7.7796 0.18749
7.781 0.18443
7.7824 0.18147
7.7838 0.17862
7.7852 0.17586
7.7867 0.17319
7.7881 0.17061
7.7895 0.16811
7.7909 0.16568
7.7923 0.16333
7.7937 0.16104
7.7951 0.15881
7.7966 0.15664
7.798 0.15452
7.7994 0.15244
7.8008 0.15042
7.8022 0.14843
7.8036 0.14648
7.805 0.14457
7.8065 0.14268
7.8079 0.14083
7.8093 0.139
7.8107 0.13719
7.8121 0.13541
7.8135 0.13364
7.8149 0.13189
7.8164 0.13016
7.8178 0.12844
7.8192 0.12673
7.8206 0.12504
7.822 0.12335
7.8234 0.12167
7.8248 0.12001
7.8263 0.11835
7.8277 0.11669
7.8291 0.11505
7.8305 0.11341
7.8319 0.11178
7.8333 0.11015
7.8347 0.10853
7.8362 0.10691
7.8376 0.1053
7.839 0.1037
7.8404 0.1021
7.8418 0.10051
7.8432 0.09893
7.8446 0.097354
7.8461 0.095785
7.8475 0.094223
7.8489 0.09267
7.8503 0.091125
7.8517 0.089588
7.8531 0.088059
7.8545 0.086537
7.856 0.085021
7.8574 0.083512
7.8588 0.082011
7.8602 0.080515
7.8616 0.079027
7.863 0.077544
7.8644 0.076068
7.8659 0.074599
7.8673 0.073137
7.8687 0.071667
7.8701 0.070176
7.8715 0.068669
7.8729 0.067152
7.8743 0.06563
7.8758 0.064106
7.8772 0.062584
7.8786 0.061069
7.88 0.059565
7.8814 0.058075
7.8828 0.056602
7.8842 0.055148
7.8857 0.053717
7.8871 0.052309
7.8885 0.050927
7.8899 0.049572
7.8913 0.048245
7.8927 0.046947
7.8941 0.045678
7.8956 0.044439
7.897 0.043231
7.8984 0.042052
7.8998 0.040905
7.9012 0.039787
7.9026 0.0387
7.904 0.037642
7.9055 0.036614
7.9069 0.035615
7.9083 0.034644
7.9097 0.033702
7.9111 0.032787
7.9125 0.031899
7.9139 0.031037
7.9154 0.030201
7.9168 0.029389
7.9182 0.028596
7.9196 0.027821
7.921 0.027064
7.9224 0.026325
7.9238 0.025604
7.9253 0.024901
7.9267 0.024215
7.9281 0.023547
7.9295 0.022895
7.9309 0.022261
7.9323 0.021644
7.9337 0.020955
7.9352 0.020201
7.9366 0.019467
7.938 0.018754
7.9394 0.018063
7.9408 0.017396
7.9422 0.016752
7.9436 0.016132
7.9451 0.015536
7.9465 0.014964
7.9479 0.014414
7.9493 0.013889
7.9507 0.013387
7.9521 0.013042
7.9535 0.012856
7.955 0.012707
7.9564 0.012587
7.9578 0.01249
7.9592 0.012413
7.9606 0.012328
7.962 0.012152
7.9634 0.011909
7.9649 0.011573
7.9663 0.011143
7.9677 0.010719
7.9691 0.010328
7.9705 0.010054
7.9719 0.0098419
7.9733 0.0097453
7.9748 0.0097525
7.9762 0.009836
7.9776 0.010012
7.979 0.010179
7.9804 0.010337
7.9818 0.010476
7.9832 0.010416
7.9846 0.010358
7.9861 0.010306
7.9875 0.010262
7.9889 0.01023
7.9903 0.010324
7.9917 0.010505
7.9931 0.01077
7.9945 0.011133
7.996 0.011534
7.9974 0.011976
7.9988 0.012463
8.0002 0.012894
8.0016 0.013243
8.003 0.013485
8.0044 0.013593
8.0059 0.013552
8.0073 0.01336
8.0087 0.013156
8.0101 0.012939
8.0115 0.012713
8.0129 0.01239
8.0143 0.011985
8.0158 0.011673
8.0172 0.011471
8.0186 0.011381
8.02 0.011226
8.0214 0.011106
8.0228 0.011017
8.0242 0.010953
8.0257 0.010912
8.0271 0.010969
8.0285 0.011101
8.0299 0.011211
8.0313 0.011238
8.0327 0.011269
8.0341 0.011304
8.0356 0.011341
8.037 0.011473
8.0384 0.011698
8.0398 0.011915
8.0412 0.012125
8.0426 0.012328
8.044 0.01243
8.0455 0.012443
8.0469 0.012338
8.0483 0.012139
8.0497 0.012066
8.0511 0.012078
8.0525 0.012001
8.0539 0.011831
8.0554 0.011664
8.0568 0.011502
8.0582 0.011353
8.0596 0.011106
8.061 0.010868
8.0624 0.01064
8.0638 0.010422
8.0653 0.010305
8.0667 0.010274
8.0681 0.010325
8.0695 0.010386
8.0709 0.010456
8.0723 0.010627
8.0737 0.010769
8.0752 0.010829
8.0766 0.010726
8.078 0.010431
8.0794 0.010143
8.0808 0.0099478
8.0822 0.0098352
8.0836 0.009889
8.0851 0.010061
8.0865 0.01032
8.0879 0.010562
8.0893 0.010791
8.0907 0.010928
8.0921 0.010967
8.0935 0.010997
8.095 0.011021
8.0964 0.011047
8.0978 0.010991
8.0992 0.010848
8.1006 0.01062
8.102 0.010315
8.1034 0.010029
8.1049 0.0098419
8.1063 0.0098351
8.1077 0.0099143
8.1091 0.010062
8.1105 0.010171
8.1119 0.010187
8.1133 0.010119
8.1148 0.010041
8.1162 0.010031
8.1176 0.010024
8.119 0.010126
8.1204 0.010314
8.1218 0.010515
8.1232 0.010724
8.1247 0.01094
8.1261 0.011162
8.1275 0.011503
8.1289 0.01173
8.1303 0.011868
8.1317 0.011892
8.1331 0.011907
8.1346 0.011995
8.136 0.012163
8.1374 0.012333
8.1388 0.012502
8.1402 0.012677
8.1416 0.01275
8.143 0.012705
8.1445 0.012538
8.1459 0.012374
8.1473 0.012212
8.1487 0.012052
8.1501 0.011894
8.1515 0.01174
8.1529 0.011588
8.1544 0.01144
8.1558 0.011295
8.1572 0.011074
8.1586 0.010855
8.16 0.010721
8.1614 0.010691
8.1628 0.01067
8.1643 0.010633
8.1657 0.010523
8.1671 0.010443
8.1685 0.010472
8.1699 0.010507
8.1713 0.010545
8.1727 0.010497
8.1742 0.010458
8.1756 0.01042
8.177 0.010294
8.1784 0.010158
8.1798 0.01001
8.1812 0.0099394
8.1826 0.00996
8.1841 0.010075
8.1855 0.010279
8.1869 0.010552
8.1883 0.010799
8.1897 0.011052
8.1911 0.011226
8.1925 0.011221
8.194 0.011127
8.1954 0.011034
8.1968 0.010851
8.1982 0.010664
8.1996 0.010478
8.201 0.010296
8.2024 0.010034
8.2039 0.0098712
8.2053 0.0098904
8.2067 0.0098966
8.2081 0.0099789
8.2095 0.0099817
8.2109 0.0099955
8.2123 0.010102
8.2138 0.010285
8.2152 0.010457
8.2166 0.010473
8.218 0.01049
8.2194 0.010505
8.2208 0.010524
8.2222 0.010465
8.2237 0.01051
8.2251 0.010643
8.2265 0.01086
8.2279 0.01108
8.2293 0.011209
8.2307 0.011255
8.2321 0.011219
8.2336 0.011279
8.235 0.011326
8.2364 0.011265
8.2378 0.011114
8.2392 0.010906
8.2406 0.010619
8.242 0.010343
8.2435 0.010078
8.2449 0.0099077
8.2463 0.0098105
8.2477 0.0098157
8.2491 0.0099132
8.2505 0.0102
8.2519 0.010467
8.2534 0.010626
8.2548 0.010691
8.2562 0.010753
8.2576 0.010814
8.259 0.010874
8.2604 0.010932
8.2618 0.01099
8.2632 0.010943
8.2647 0.010795
8.2661 0.010557
8.2675 0.010341
8.2689 0.010144
8.2703 0.010048
8.2717 0.010035
8.2731 0.0099421
8.2746 0.0099293
8.276 0.0099967
8.2774 0.01014
8.2788 0.010206
8.2802 0.010287
8.2816 0.010282
8.283 0.010107
8.2845 0.0098519
8.2859 0.0096874
8.2873 0.0096864
8.2887 0.0098701
8.2901 0.010236
8.2915 0.010586
8.2929 0.010912
8.2944 0.011139
8.2958 0.011172
8.2972 0.011029
8.2986 0.01079
8.3 0.010458
8.3014 0.010121
8.3028 0.0098956
8.3043 0.0097689
8.3057 0.0098053
8.3071 0.0099395
8.3085 0.010068
8.3099 0.010195
8.3113 0.01015
8.3127 0.010015
8.3142 0.0098914
8.3156 0.0099607
8.317 0.010114
8.3184 0.010343
8.3198 0.010572
8.3212 0.010799
8.3226 0.011025
8.3241 0.011248
8.3255 0.011379
8.3269 0.011418
8.3283 0.011354
8.3297 0.011193
8.3311 0.011025
8.3325 0.010949
8.334 0.01097
8.3354 0.010911
8.3368 0.010871
8.3382 0.010849
8.3396 0.010845
8.341 0.010933
8.3424 0.011102
8.3439 0.011271
8.3453 0.011435
8.3467 0.011499
8.3481 0.011475
8.3495 0.011362
8.3509 0.011249
8.3523 0.01114
8.3538 0.011034
8.3552 0.01102
8.3566 0.011004
8.358 0.010985
8.3594 0.010877
8.3608 0.0106
8.3622 0.010323
8.3637 0.010128
8.3651 0.0099247
8.3665 0.0097986
8.3679 0.0097522
8.3693 0.0096846
8.3707 0.0097404
8.3721 0.0099132
8.3736 0.010106
8.375 0.010268
8.3764 0.010404
8.3778 0.010429
8.3792 0.010366
8.3806 0.010298
8.382 0.010222
8.3835 0.010229
8.3849 0.010246
8.3863 0.010186
8.3877 0.010139
8.3891 0.010181
8.3905 0.010298
8.3919 0.010493
8.3934 0.010697
8.3948 0.01091
8.3962 0.011129
8.3976 0.011257
8.399 0.011285
8.4004 0.011317
8.4018 0.011353
8.4033 0.011388
8.4047 0.011423
8.4061 0.011372
8.4075 0.011324
8.4089 0.011278
8.4103 0.011233
8.4117 0.011087
8.4132 0.01084
8.4146 0.010605
8.416 0.010475
8.4174 0.010352
8.4188 0.010234
8.4202 0.01012
8.4216 0.010099
8.4231 0.010163
8.4245 0.010318
8.4259 0.01047
8.4273 0.01072
8.4287 0.010943
8.4301 0.01113
8.4315 0.011121
8.433 0.011053
8.4344 0.010901
8.4358 0.010661
8.4372 0.010426
8.4386 0.010284
8.44 0.010153
8.4414 0.0099987
8.4429 0.0099499
8.4443 0.0099867
8.4457 0.010104
8.4471 0.010312
8.4485 0.010704
8.4499 0.011175
8.4513 0.011622
8.4528 0.012047
8.4542 0.012363
8.4556 0.012582
8.457 0.012702
8.4584 0.012803
8.4598 0.012891
8.4612 0.012875
8.4627 0.012737
8.4641 0.012563
8.4655 0.012201
8.4669 0.011775
8.4683 0.011408
8.4697 0.011167
8.4711 0.010934
8.4726 0.010711
8.474 0.010499
8.4754 0.010297
8.4768 0.010199
8.4782 0.010185
8.4796 0.010249
8.481 0.010315
8.4825 0.010413
8.4839 0.010498
8.4853 0.010578
8.4867 0.010658
8.4881 0.010568
8.4895 0.010396
8.4909 0.010326
8.4924 0.010341
8.4938 0.010437
8.4952 0.010541
8.4966 0.010652
8.498 0.01077
8.4994 0.010997
8.5008 0.011197
8.5023 0.011303
8.5037 0.011405
8.5051 0.011502
8.5065 0.011503
8.5079 0.011407
8.5093 0.011228
8.5107 0.011063
8.5122 0.010993
8.5136 0.010925
8.515 0.010765
8.5164 0.010498
8.5178 0.01023
8.5192 0.009992
8.5206 0.0097771
8.5221 0.0096489
8.5235 0.0095412
8.5249 0.0095391
8.5263 0.0097237
8.5277 0.01008
8.5291 0.01048
8.5305 0.010747
8.532 0.010847
8.5334 0.010777
8.5348 0.010529
8.5362 0.01037
8.5376 0.010304
8.539 0.010158
8.5404 0.0099302
8.5418 0.0097904
8.5433 0.0098229
8.5447 0.010053
8.5461 0.010386
8.5475 0.010711
8.5489 0.011025
8.5503 0.011325
8.5517 0.011608
8.5532 0.011873
8.5546 0.012037
8.556 0.012015
8.5574 0.011965
8.5588 0.011893
8.5602 0.011835
8.5616 0.011789
8.5631 0.011755
8.5645 0.011733
8.5659 0.011722
8.5673 0.011722
8.5687 0.011727
8.5701 0.011639
8.5715 0.011551
8.573 0.011548
8.5744 0.011468
8.5758 0.011307
8.5772 0.011066
8.5786 0.01074
8.58 0.010429
8.5814 0.01021
8.5829 0.009991
8.5843 0.0098625
8.5857 0.009825
8.5871 0.0099575
8.5885 0.01007
8.5899 0.010096
8.5913 0.010126
8.5928 0.01015
8.5942 0.010173
8.5956 0.010104
8.597 0.010035
8.5984 0.010063
8.5998 0.010168
8.6012 0.010354
8.6027 0.010539
8.6041 0.010722
8.6055 0.010905
8.6069 0.01116
8.6083 0.011321
8.6097 0.011305
8.6111 0.011206
8.6126 0.011106
8.614 0.011007
8.6154 0.010806
8.6168 0.010513
8.6182 0.010241
8.6196 0.009987
8.621 0.0098358
8.6225 0.009696
8.6239 0.0096666
8.6253 0.0098209
8.6267 0.0099607
8.6281 0.010088
8.6295 0.010114
8.6309 0.010053
8.6324 0.0099012
8.6338 0.0098218
8.6352 0.0098313
8.6366 0.0099304
8.638 0.010111
8.6394 0.010351
8.6408 0.010484
8.6423 0.010615
8.6437 0.010731
8.6451 0.010827
8.6465 0.010764
8.6479 0.010616
8.6493 0.010368
8.6507 0.010206
8.6522 0.010141
8.6536 0.010176
8.655 0.010297
8.6564 0.010483
8.6578 0.01066
8.6592 0.01066
8.6606 0.010491
8.6621 0.01022
8.6635 0.010031
8.6649 0.0099324
8.6663 0.0099404
8.6677 0.010032
8.6691 0.010192
8.6705 0.010339
8.672 0.010412
8.6734 0.010411
8.6748 0.010332
8.6762 0.010268
8.6776 0.01021
8.679 0.01015
8.6804 0.0099951
8.6819 0.0098252
8.6833 0.0096515
8.6847 0.0095766
8.6861 0.0095729
8.6875 0.0095637
8.6889 0.0095605
8.6903 0.00969
8.6918 0.0099988
8.6932 0.010359
8.6946 0.010759
8.696 0.011038
8.6974 0.011226
8.6988 0.011337
8.7002 0.011328
8.7017 0.011314
8.7031 0.011305
8.7045 0.011305
8.7059 0.011208
8.7073 0.011129
8.7087 0.011074
8.7101 0.011038
8.7116 0.011093
8.713 0.011217
8.7144 0.011411
8.7158 0.011435
8.7172 0.01129
8.7186 0.011138
8.72 0.010979
8.7215 0.010819
8.7229 0.010659
8.7243 0.0105
8.7257 0.010429
8.7271 0.010446
8.7285 0.010372
8.7299 0.010216
8.7314 0.0099725
8.7328 0.0098115
8.7342 0.0096643
8.7356 0.0096171
8.737 0.0097481
8.7384 0.0099531
8.7398 0.010144
8.7413 0.010183
8.7427 0.01014
8.7441 0.010094
8.7455 0.010042
8.7469 0.01007
8.7483 0.010193
8.7497 0.010414
8.7512 0.01063
8.7526 0.010837
8.754 0.010943
8.7554 0.010864
8.7568 0.010703
8.7582 0.01046
8.7596 0.010229
8.7611 0.010008
8.7625 0.0098831
8.7639 0.0098521
8.7653 0.0099003
8.7667 0.010116
8.7681 0.010326
8.7695 0.010359
8.771 0.010217
8.7724 0.010081
8.7738 0.010043
8.7752 0.010006
8.7766 0.0099645
8.778 0.0099951
8.7794 0.010134
8.7809 0.010365
8.7823 0.010588
8.7837 0.0108
8.7851 0.01092
8.7865 0.010944
8.7879 0.010866
8.7893 0.010695
8.7908 0.010458
8.7922 0.010246
8.7936 0.010116
8.795 0.0099778
8.7964 0.0099196
8.7978 0.0099452
8.7992 0.010046
8.8007 0.010151
8.8021 0.010281
8.8035 0.010412
8.8049 0.010436
8.8063 0.010373
8.8077 0.010216
8.8091 0.010147
8.8106 0.010079
8.812 0.010011
8.8134 0.010028
8.8148 0.010127
8.8162 0.010325
8.8176 0.010503
8.819 0.010513
8.8204 0.010347
8.8219 0.010099
8.8233 0.0098602
8.8247 0.0097949
8.8261 0.0098135
8.8275 0.010021
8.8289 0.010218
8.8303 0.010404
8.8318 0.010505
8.8332 0.010517
8.8346 0.010438
8.836 0.010272
8.8374 0.010099
8.8388 0.010018
8.8402 0.010024
8.8417 0.010043
8.8431 0.010066
8.8445 0.010003
8.8459 0.0098546
8.8473 0.0097738
8.8487 0.0098609
8.8501 0.010053
8.8516 0.010345
8.853 0.010624
8.8544 0.010684
8.8558 0.01056
8.8572 0.010369
8.8586 0.010096
8.86 0.0098262
8.8615 0.0097141
8.8629 0.0096824
8.8643 0.0096639
8.8657 0.0097415
8.8671 0.0099717
8.8685 0.010164
8.8699 0.010271
8.8714 0.0103
8.8728 0.010321
8.8742 0.010425
8.8756 0.01053
8.877 0.010465
8.8784 0.010399
8.8798 0.010333
8.8813 0.010185
8.8827 0.010051
8.8841 0.0099245
8.8855 0.009878
8.8869 0.0098257
8.8883 0.0097687
8.8897 0.0097128
8.8912 0.0096475
8.8926 0.0097507
8.894 0.009953
8.8954 0.010231
8.8968 0.010494
8.8982 0.010662
8.8996 0.010661
8.9011 0.010477
8.9025 0.010122
8.9039 0.009709
8.9053 0.0094033
8.9067 0.0092773
8.9081 0.0093248
8.9095 0.0095538
8.911 0.0097519
8.9124 0.0099225
8.9138 0.010063
8.9152 0.010118
8.9166 0.010191
8.918 0.010276
8.9194 0.010362
8.9209 0.010336
8.9223 0.010222
8.9237 0.010104
8.9251 0.0099784
8.9265 0.0099281
8.9279 0.0099962
8.9293 0.010141
8.9308 0.010364
8.9322 0.010587
8.9336 0.010734
8.935 0.010806
8.9364 0.010754
8.9378 0.010802
8.9392 0.010832
8.9407 0.01078
8.9421 0.010643
8.9435 0.010509
8.9449 0.010457
8.9463 0.010418
8.9477 0.010389
8.9491 0.010261
8.9506 0.01013
8.952 0.010013
8.9534 0.0098975
8.9548 0.009861
8.9562 0.0099263
8.9576 0.010076
8.959 0.010291
8.9605 0.01041
8.9619 0.010373
8.9633 0.010157
8.9647 0.010017
8.9661 0.0099642
8.9675 0.010005
8.9689 0.010135
8.9704 0.010334
8.9718 0.010448
8.9732 0.01039
8.9746 0.010169
8.976 0.0098586
8.9774 0.0096428
8.9788 0.0095796
8.9803 0.0096057
8.9817 0.0098206
8.9831 0.010133
8.9845 0.01036
8.9859 0.010569
8.9873 0.010833
8.9887 0.011067
8.9902 0.01123
8.9916 0.011242
8.993 0.011047
8.9944 0.010773
8.9958 0.010501
8.9972 0.010339
8.9986 0.010267
