0 0
0.0014142 0
0.0028284 0
0.0042426 0
0.0056569 0
0.0070711 0
0.0084853 0
0.0098995 0
0.011314 0
0.012728 0
0.014142 0
0.015556 0
0.016971 0
0.018385 0
0.019799 0
0.021213 0
0.022627 0
0.024042 0
0.025456 0
0.02687 0
0.028284 0
0.029698 0
0.031113 0
0.032527 0
0.033941 0
0.035355 0
0.03677 0
0.038184 0
0.039598 0
0.041012 0
0.042426 0
0.043841 0
0.045255 0
0.046669 0
0.048083 0
0.049497 0
0.050912 0
0.052326 0
0.05374 0
0.055154 0
0.056569 0
0.057983 0
0.059397 0
0.060811 0
0.062225 0
0.06364 0
0.065054 0
0.066468 0
0.067882 0
0.069296 0
0.070711 0
0.072125 0
0.073539 0
0.074953 0
0.076368 0
0.077782 0
0.079196 0
0.08061 0
0.082024 0
0.083439 0
0.084853 0
0.086267 0
0.087681 0
0.089095 0
0.09051 0
0.091924 0
0.093338 0
0.094752 0
0.096167 0
0.097581 0
0.098995 0
0.10041 0
0.10182 0
0.10324 0
0.10465 0
0.10607 0
0.10748 0
0.10889 0
0.11031 0
0.11172 0
0.11314 0
0.11455 0
0.11597 0
0.11738 0
0.11879 0
0.12021 0
0.12162 0
0.12304 0
0.12445 0
0.12587 0
0.12728 0
0.12869 0
0.13011 0
0.13152 0
0.13294 0
0.13435 0
0.13576 0
0.13718 0
0.13859 0
0.14001 0
0.14142 0
0.14284 0
0.14425 0
0.14566 0
0.14708 0
0.14849 0
0.14991 0
0.15132 0
0.15274 0
0.15415 0
0.15556 0
0.15698 0
0.15839 0
0.15981 0
0.16122 0
0.16263 0
0.16405 0
0.16546 0
0.16688 0
0.16829 0
0.16971 0
0.17112 0
0.17253 0
0.17395 0
0.17536 0
0.17678 0
0.17819 0
0.17961 0
0.18102 0
0.18243 0
0.18385 0
0.18526 0
0.18668 0
0.18809 0
0.1895 0
0.19092 0
0.19233 0
0.19375 0
0.19516 0
0.19658 0
0.19799 0
0.1994 0
0.20082 0
0.20223 0
0.20365 0
0.20506 0
0.20648 0
0.20789 0
0.2093 0
0.21072 0
0.21213 0
0.21355 0
0.21496 0
0.21637 0
0.21779 0
0.2192 0
0.22062 0
0.22203 0
0.22345 0
0.22486 0
0.22627 0
0.22769 0
0.2291 0
0.23052 0
0.23193 0
0.23335 0
0.23476 0
0.23617 0
0.23759 0
0.239 0
0.24042 0
0.24183 0
0.24324 0
0.24466 0
0.24607 0
0.24749 0
0.2489 0
0.25032 0
0.25173 0
0.25314 0
0.25456 0
0.25597 0
0.25739 0
0.2588 0
0.26022 0
0.26163 0
0.26304 0
0.26446 0
0.26587 0
0.26729 0
0.2687 0
0.27011 0
0.27153 0
0.27294 0
0.27436 0
0.27577 0
0.27719 0
0.2786 0
0.28001 0
0.28143 0
0.28284 0
0.28426 0
0.28567 0
0.28709 0
0.2885 0
0.28991 0
0.29133 0
0.29274 0
0.29416 0
0.29557 0
0.29698 0
0.2984 0
0.29981 0
0.30123 0
0.30264 0
0.30406 0
0.30547 0
0.30688 0
0.3083 0
0.30971 0
0.31113 0
0.31254 0
0.31396 0
0.31537 0
0.31678 0
0.3182 0
0.31961 0
0.32103 0
0.32244 0
0.32385 0
0.32527 0
0.32668 0
0.3281 0
0.32951 0
0.33093 0
0.33234 0
0.33375 0
0.33517 0
0.33658 0
0.338 0
0.33941 0
0.34083 0
0.34224 0
0.34365 0
0.34507 0
0.34648 0
0.3479 0
0.34931 0
0.35072 0
0.35214 0
0.35355 0
0.35497 0
0.35638 0
0.3578 0
0.35921 0
0.36062 0
0.36204 0
0.36345 0
0.36487 0
0.36628 0
0.3677 0
0.36911 0
0.37052 0
0.37194 0
0.37335 0
0.37477 0
0.37618 0
0.3776 0
0.37901 0
0.38042 0
0.38184 0
0.38325 0
0.38467 0
0.38608 0
0.38749 0
0.38891 0
0.39032 0
0.39174 0
0.39315 0
0.39457 0
0.39598 0
0.39739 0
0.39881 0
0.40022 0
0.40164 0
0.40305 0
0.40447 0
0.40588 0
0.40729 0
0.40871 0
0.41012 0
0.41154 0
0.41295 0
0.41436 0
0.41578 0
0.41719 0
0.41861 0
0.42002 0
0.42144 0
0.42285 0
0.42426 0
0.42568 0
0.42709 0
0.42851 0
0.42992 0
0.43134 0
0.43275 0
0.43416 0
0.43558 0
0.43699 0
0.43841 0
0.43982 0
0.44123 0
0.44265 0
0.44406 0
0.44548 0
0.44689 0
0.44831 0
0.44972 0
0.45113 0
0.45255 0
0.45396 0
0.45538 0
0.45679 0
0.45821 0
0.45962 0
0.46103 0
0.46245 0
0.46386 0
0.46528 0
0.46669 0
0.4681 0
0.46952 0
0.47093 0
0.47235 0
0.47376 0
0.47518 0
0.47659 0
0.478 0
0.47942 0
0.48083 0
0.48225 0
0.48366 0
0.48508 0
0.48649 0
0.4879 0
0.48932 0
0.49073 0
0.49215 0
0.49356 0
0.49497 0
0.49639 0
0.4978 0
0.49922 0
0.50063 0
0.50205 0
0.50346 0
0.50487 0
0.50629 0
0.5077 0
0.50912 0
0.51053 0
0.51195 0
0.51336 0
0.51477 0
0.51619 0
0.5176 0
0.51902 0
0.52043 0
0.52184 0
0.52326 0
0.52467 0
0.52609 0
0.5275 0
0.52892 0
0.53033 0
0.53174 0
0.53316 0
0.53457 0
0.53599 0
0.5374 0
0.53882 0
0.54023 0
0.54164 0
0.54306 0
0.54447 0
0.54589 0
0.5473 0
0.54871 0
0.55013 0
0.55154 0
0.55296 0
0.55437 0
0.55579 0
0.5572 0
0.55861 0
0.56003 0
0.56144 0
0.56286 0
0.56427 0
0.56569 0
0.5671 0
0.56851 0
0.56993 0
0.57134 0
0.57276 0
0.57417 0
0.57558 0
0.577 0
0.57841 0
0.57983 0
0.58124 0
0.58266 0
0.58407 0
0.58548 0
0.5869 0
0.58831 0
0.58973 0
0.59114 0
0.59256 0
0.59397 0
0.59538 0
0.5968 0
0.59821 0
0.59963 0
0.60104 0
0.60245 0
0.60387 0
0.60528 0
0.6067 0
0.60811 0
0.60953 0
0.61094 0
0.61235 0
0.61377 0
0.61518 0
0.6166 0
0.61801 0
0.61943 0
0.62084 0
0.62225 0
0.62367 0
0.62508 0
0.6265 0
0.62791 0
0.62933 0
0.63074 0
0.63215 0
0.63357 0
0.63498 0
0.6364 0
0.63781 0
0.63922 0
0.64064 0
0.64205 0
0.64347 0
0.64488 0
0.6463 0
0.64771 0
0.64912 0
0.65054 0
0.65195 0
0.65337 0
0.65478 0
0.6562 0
0.65761 0
0.65902 0
0.66044 0
0.66185 0
0.66327 0
0.66468 0
0.66609 0
0.66751 0
0.66892 0
0.67034 0
0.67175 0
0.67317 0
0.67458 0
0.67599 0
0.67741 0
0.67882 0
0.68024 0
0.68165 0
0.68307 0
0.68448 0
0.68589 0
0.68731 0
0.68872 0
0.69014 0
0.69155 0
0.69296 0
0.69438 0
0.69579 0
0.69721 0
0.69862 0
0.70004 0
0.70145 0
0.70286 0
0.70428 0
0.70569 0
0.70711 0
0.70852 0
0.70994 0
0.71135 0
0.71276 0
0.71418 0
0.71559 0
0.71701 0
0.71842 0
0.71983 0
0.72125 0
0.72266 0
0.72408 0
0.72549 0
0.72691 0
0.72832 0
0.72973 0
0.73115 0
0.73256 0
0.73398 0
0.73539 0
0.73681 0
0.73822 0
0.73963 0
0.74105 0
0.74246 0
0.74388 0
0.74529 0
0.7467 0
0.74812 0
0.74953 0
0.75095 0
0.75236 0
0.75378 0
0.75519 0
0.7566 0
0.75802 0
0.75943 0
0.76085 0
0.76226 0
0.76368 0
0.76509 0
0.7665 0
0.76792 0
0.76933 0
0.77075 0
0.77216 0
0.77357 0
0.77499 0
0.7764 0
0.77782 0
0.77923 0
0.78065 0
0.78206 0
0.78347 0
0.78489 0
0.7863 0
0.78772 0
0.78913 0
0.79055 0
0.79196 0
0.79337 0
0.79479 0
0.7962 0
0.79762 0
0.79903 0
0.80044 0
0.80186 0
0.80327 0
0.80469 0
0.8061 0
0.80752 0
0.80893 0
0.81034 0
0.81176 0
0.81317 0
0.81459 0
0.816 0
0.81742 0
0.81883 0
0.82024 0
0.82166 0
0.82307 0
0.82449 0
0.8259 0
0.82731 0
0.82873 0
0.83014 0
0.83156 0
0.83297 0
0.83439 0
0.8358 0
0.83721 0
0.83863 0
0.84004 0
0.84146 0
0.84287 0
0.84429 0
0.8457 0
0.84711 0
0.84853 0
0.84994 0
0.85136 0
0.85277 0
0.85418 0
0.8556 0
0.85701 0
0.85843 0
0.85984 0
0.86126 0
0.86267 0
0.86408 0
0.8655 0
0.86691 0
0.86833 0
0.86974 0
0.87116 0
0.87257 0
0.87398 0
0.8754 0
0.87681 0
0.87823 0
0.87964 0
0.88106 0
0.88247 0
0.88388 0
0.8853 0
0.88671 0
0.88813 0
0.88954 0
0.89095 0
0.89237 0
0.89378 0
0.8952 0
0.89661 0
0.89803 0
0.89944 0
0.90085 0
0.90227 0
0.90368 0
0.9051 0
0.90651 0
0.90793 0
0.90934 0
0.91075 0
0.91217 0
0.91358 0
0.915 0
0.91641 0
0.91782 0
0.91924 0
0.92065 0
0.92207 0
0.92348 0
0.9249 0
0.92631 0
0.92772 0
0.92914 0
0.93055 0
0.93197 0
0.93338 0
0.9348 0
0.93621 0
0.93762 0
0.93904 0
0.94045 0
0.94187 0
0.94328 0
0.94469 0
0.94611 0
0.94752 0
0.94894 0
0.95035 0
0.95177 0
0.95318 0
0.95459 0
0.95601 0
0.95742 0
0.95884 0
0.96025 0
0.96167 0
0.96308 0
0.96449 0
0.96591 0
0.96732 0
0.96874 0
0.97015 0
0.97156 0
0.97298 0
0.97439 0
0.97581 0
0.97722 0
0.97864 0
0.98005 0
0.98146 0
0.98288 0
0.98429 0
0.98571 0
0.98712 0
0.98854 0
0.98995 0
0.99136 0
0.99278 0
0.99419 0
0.99561 0
0.99702 0
0.99843 0
0.99985 0
1.0013 0
1.0027 0
1.0041 0
1.0055 0
1.0069 0
1.0083 0
1.0097 0
1.0112 0
1.0126 0
1.014 0
1.0154 0
1.0168 0
1.0182 0
1.0196 0
1.0211 0
1.0225 0
1.0239 0
1.0253 0
1.0267 0
1.0281 0
1.0295 0
1.031 0
1.0324 0
1.0338 0
1.0352 0
1.0366 0
1.038 0
1.0394 0
1.0409 0
1.0423 0
1.0437 0
1.0451 0
1.0465 0
1.0479 0
1.0493 0
1.0508 0
1.0522 0
1.0536 0
1.055 0
1.0564 0
1.0578 0
1.0592 0
1.0607 0
1.0621 0
1.0635 0
1.0649 0
1.0663 0
1.0677 0
1.0691 0
1.0706 0
1.072 0
1.0734 0
1.0748 0
1.0762 0
1.0776 0
1.079 0
1.0805 0
1.0819 0
1.0833 0
1.0847 0
1.0861 0
1.0875 0
1.0889 0
1.0904 0
1.0918 0
1.0932 0
1.0946 0
1.096 0
1.0974 0
1.0988 0
1.1003 0
1.1017 0
1.1031 0
1.1045 0
1.1059 0
1.1073 0
1.1087 0
1.1102 0
1.1116 0
1.113 0
1.1144 0
1.1158 0
1.1172 0
1.1186 0
1.1201 0
1.1215 0
1.1229 0
1.1243 0
1.1257 0
1.1271 0
1.1285 0
1.13 0
1.1314 0
1.1328 0
1.1342 0
1.1356 0
1.137 0
1.1384 0
1.1399 0
1.1413 0
1.1427 0
1.1441 0
1.1455 0
1.1469 0
1.1483 0
1.1498 0
1.1512 0
1.1526 0
1.154 0
1.1554 0
1.1568 0
1.1582 0
1.1597 0
1.1611 0
1.1625 0
1.1639 0
1.1653 0
1.1667 0
1.1681 0
1.1696 0
1.171 0
1.1724 0
1.1738 0
1.1752 0
1.1766 0
1.178 0
1.1795 0
1.1809 0
1.1823 0
1.1837 0
1.1851 0
1.1865 0
1.1879 0
1.1894 0
1.1908 0
1.1922 0
1.1936 0
1.195 0
1.1964 0
1.1978 0
1.1993 0
1.2007 0
1.2021 0
1.2035 0
1.2049 0
1.2063 0
1.2077 0
1.2092 0
1.2106 0
1.212 0
1.2134 0
1.2148 0
1.2162 0
1.2176 0
1.2191 0
1.2205 0
1.2219 0
1.2233 0
1.2247 0
1.2261 0
1.2275 0
1.229 0
1.2304 0
1.2318 0
1.2332 0
1.2346 0
1.236 0
1.2374 0
1.2389 0
1.2403 0
1.2417 0
1.2431 0
1.2445 0
1.2459 0
1.2473 0
1.2488 0
1.2502 0
1.2516 0
1.253 0
1.2544 0
1.2558 0
1.2572 0
1.2587 0
1.2601 0
1.2615 0
1.2629 0
1.2643 0
1.2657 0
1.2671 0
1.2685 0
1.27 0
1.2714 0
1.2728 0
1.2742 0
1.2756 0
1.277 0
1.2784 0
1.2799 0
1.2813 0
1.2827 0
1.2841 0
1.2855 0
1.2869 0
1.2883 0
1.2898 0
1.2912 0
1.2926 0
1.294 0
1.2954 0
1.2968 0
1.2982 0
1.2997 0
1.3011 0
1.3025 0
1.3039 0
1.3053 0
1.3067 0
1.3081 0
1.3096 0
1.311 0
1.3124 0
1.3138 0
1.3152 0
1.3166 0
1.318 0
1.3195 0
1.3209 0
1.3223 0
1.3237 0
1.3251 0
1.3265 0
1.3279 0
1.3294 0
1.3308 0
1.3322 0
1.3336 0
1.335 0
1.3364 0
1.3378 0
1.3393 0
1.3407 0
1.3421 0
1.3435 0
1.3449 0
1.3463 0
1.3477 0
1.3492 0
1.3506 0
1.352 0
1.3534 0
1.3548 0
1.3562 0
1.3576 0
1.3591 0
1.3605 0
1.3619 0
1.3633 0
1.3647 0
1.3661 0
1.3675 0
1.369 0
1.3704 0
1.3718 0
1.3732 0
1.3746 0
1.376 0
1.3774 0
1.3789 0
1.3803 0
1.3817 0
1.3831 0
1.3845 0
1.3859 0
1.3873 0
1.3888 0
1.3902 0
1.3916 0
1.393 0
1.3944 0
1.3958 0
1.3972 0
1.3987 0
1.4001 0
1.4015 0
1.4029 0
1.4043 0
1.4057 0
1.4071 0
1.4086 0
1.41 0
1.4114 0
1.4128 0
1.4142 0
1.4156 0
1.417 0
1.4185 0
1.4199 0
1.4213 0
1.4227 0
1.4241 0
1.4255 0
1.4269 0
1.4284 0
1.4298 0
1.4312 0
1.4326 0
1.434 0
1.4354 0
1.4368 0
1.4383 0
1.4397 0
1.4411 0
1.4425 0
1.4439 0
1.4453 0
1.4467 0
1.4482 0
1.4496 0
1.451 0
1.4524 0
1.4538 0
1.4552 0
1.4566 0
1.4581 0
1.4595 0
1.4609 0
1.4623 0
1.4637 0
1.4651 0
1.4665 0
1.468 0
1.4694 0
1.4708 0
1.4722 0
1.4736 0
1.475 0
1.4764 0
1.4779 0
1.4793 0
1.4807 0
1.4821 0
1.4835 0
1.4849 0
1.4863 0
1.4878 0
1.4892 0
1.4906 0
1.492 0
1.4934 0
1.4948 0
1.4962 0
1.4977 0
1.4991 0
1.5005 0
1.5019 0
1.5033 0
1.5047 0
1.5061 0
1.5076 0
1.509 0
1.5104 0
1.5118 0
1.5132 0
1.5146 0
1.516 0
1.5175 0
1.5189 0
1.5203 0
1.5217 0
1.5231 0
1.5245 0
1.5259 0
1.5274 0
1.5288 0
1.5302 0
1.5316 0
1.533 0
1.5344 0
1.5358 0
1.5373 0
1.5387 0
1.5401 0
1.5415 0
1.5429 0
1.5443 0
1.5457 0
1.5471 0
1.5486 0
1.55 0
1.5514 0
1.5528 0
1.5542 0
1.5556 0
1.557 0
1.5585 0
1.5599 0
1.5613 0
1.5627 0
1.5641 0
1.5655 0
1.5669 0
1.5684 0
1.5698 0
1.5712 0
1.5726 0
1.574 0
1.5754 0
1.5768 0
1.5783 0
1.5797 0
1.5811 0
1.5825 0
1.5839 0
1.5853 0
1.5867 0
1.5882 0
1.5896 0
1.591 0
1.5924 0
1.5938 0
1.5952 0
1.5966 0
1.5981 0
1.5995 0
1.6009 0
1.6023 0
1.6037 0
1.6051 0
1.6065 0
1.608 0
1.6094 0
1.6108 0
1.6122 0
1.6136 0
1.615 0
1.6164 0
1.6179 0
1.6193 0
1.6207 0
1.6221 0
1.6235 0
1.6249 0
1.6263 0
1.6278 0
1.6292 0
1.6306 0
1.632 0
1.6334 0
1.6348 0
1.6362 0
1.6377 0
1.6391 0
1.6405 0
1.6419 0
1.6433 0
1.6447 0
1.6461 0
1.6476 0
1.649 0
1.6504 0
1.6518 0
1.6532 0
1.6546 0
1.656 0
1.6575 0
1.6589 0
1.6603 0
1.6617 0
1.6631 0
1.6645 0
1.6659 0
1.6674 0
1.6688 0
1.6702 0
1.6716 0
1.673 0
1.6744 0
1.6758 0
1.6773 0
1.6787 0
1.6801 0
1.6815 0
1.6829 0
1.6843 0
1.6857 0
1.6872 0
1.6886 0
1.69 0
1.6914 0
1.6928 0
1.6942 0
1.6956 0
1.6971 0
1.6985 0
1.6999 0
1.7013 0
1.7027 0
1.7041 0
1.7055 0
1.707 0
1.7084 0
1.7098 0
1.7112 0
1.7126 0
1.714 0
1.7154 0
1.7169 0
1.7183 0
1.7197 0
1.7211 0
1.7225 0
1.7239 0
1.7253 0
1.7268 0
1.7282 0
1.7296 0
1.731 0
1.7324 0
1.7338 0
1.7352 0
1.7367 0
1.7381 0
1.7395 0
1.7409 0
1.7423 0
1.7437 0
1.7451 0
1.7466 0
1.748 0
1.7494 0
1.7508 0
1.7522 0
1.7536 0
1.755 0
1.7565 0
1.7579 0
1.7593 0
1.7607 0
1.7621 0
1.7635 0
1.7649 0
1.7664 0
1.7678 0
1.7692 0
1.7706 0
1.772 0
1.7734 0
1.7748 0
1.7763 0
1.7777 0
1.7791 0
1.7805 0
1.7819 0
1.7833 0
1.7847 0
1.7862 0
1.7876 0
1.789 0
1.7904 0
1.7918 0
1.7932 0
1.7946 0
1.7961 0
1.7975 0
1.7989 0
1.8003 0
1.8017 0
1.8031 0
1.8045 0
1.806 0
1.8074 0
1.8088 0
1.8102 0
1.8116 0
1.813 0
1.8144 0
1.8159 0
1.8173 0
1.8187 0
1.8201 0
1.8215 0
1.8229 0
1.8243 0
1.8257 0
1.8272 0
1.8286 0
1.83 0
1.8314 0
1.8328 0
1.8342 0
1.8356 0
1.8371 0
1.8385 0
1.8399 0
1.8413 0
1.8427 0
1.8441 0
1.8455 0
1.847 0
1.8484 0
1.8498 0
1.8512 0
1.8526 0
1.854 0
1.8554 0
1.8569 0
1.8583 0
1.8597 0
1.8611 0
1.8625 0
1.8639 0
1.8653 0
1.8668 0
1.8682 0
1.8696 0
1.871 0
1.8724 0
1.8738 0
1.8752 0
1.8767 0
1.8781 0
1.8795 0
1.8809 0
1.8823 0
1.8837 0
1.8851 0
1.8866 0
1.888 0
1.8894 0
1.8908 0
1.8922 0
1.8936 0
1.895 0
1.8965 0
1.8979 0
1.8993 0
1.9007 0
1.9021 0
1.9035 0
1.9049 0
1.9064 0
1.9078 0
1.9092 0
1.9106 0
1.912 0
1.9134 0
1.9148 0
1.9163 0
1.9177 0
1.9191 0
1.9205 0
1.9219 0
1.9233 0
1.9247 0
1.9262 0
1.9276 0
1.929 0
1.9304 0
1.9318 0
1.9332 0
1.9346 0
1.9361 0
1.9375 0
1.9389 0
1.9403 0
1.9417 0
1.9431 0
1.9445 0
1.946 0
1.9474 0
1.9488 0
1.9502 0
1.9516 0
1.953 0
1.9544 0
1.9559 0
1.9573 0
1.9587 0
1.9601 0
1.9615 0
1.9629 0
1.9643 0
1.9658 0
1.9672 0
1.9686 0
1.97 0
1.9714 0
1.9728 0
1.9742 0
1.9757 0
1.9771 0
1.9785 0
1.9799 0
1.9813 0
1.9827 0
1.9841 0
1.9856 0
1.987 0
1.9884 0
1.9898 0
1.9912 0
1.9926 0
1.994 0
1.9955 0
1.9969 0
1.9983 0
1.9997 0
2.0011 0
2.0025 0
2.0039 0
2.0054 0
2.0068 0
2.0082 0
2.0096 0
2.011 0
2.0124 0
2.0138 0
2.0153 0
2.0167 0
2.0181 0
2.0195 0
2.0209 0
2.0223 0
2.0237 0
2.0252 0
2.0266 0
2.028 0
2.0294 0
2.0308 0
2.0322 0
2.0336 0
2.0351 0
2.0365 0
2.0379 0
2.0393 0
2.0407 0
2.0421 0
2.0435 0
2.045 0
2.0464 0
2.0478 0
2.0492 0
2.0506 0
2.052 0
2.0534 0
2.0549 0
2.0563 0
2.0577 0
2.0591 0
2.0605 0
2.0619 0
2.0633 0
2.0648 0
2.0662 0
2.0676 0
2.069 0
2.0704 0
2.0718 0
2.0732 0
2.0747 0
2.0761 0
2.0775 0
2.0789 0
2.0803 0
2.0817 0
2.0831 0
2.0846 0
2.086 0
2.0874 0
2.0888 0
2.0902 0
2.0916 0
2.093 0
2.0945 0
2.0959 0
2.0973 0
2.0987 0
2.1001 0
2.1015 0
2.1029 0
2.1043 0
2.1058 0
2.1072 0
2.1086 0
2.11 0
2.1114 0
2.1128 0
2.1142 0
2.1157 0
2.1171 0
2.1185 0
2.1199 0
2.1213 0
2.1227 0
2.1241 0
2.1256 0
2.127 0
2.1284 0
2.1298 0
2.1312 0
2.1326 0
2.134 0
2.1355 0
2.1369 0
2.1383 0
2.1397 0
2.1411 0
2.1425 0
2.1439 0
2.1454 0
2.1468 0
2.1482 0
2.1496 0
2.151 0
2.1524 0
2.1538 0
2.1553 0
2.1567 0
2.1581 0
2.1595 0
2.1609 0
2.1623 0
2.1637 0
2.1652 0
2.1666 0
2.168 0
2.1694 0
2.1708 0
2.1722 0
2.1736 0
2.1751 0
2.1765 0
2.1779 0
2.1793 0
2.1807 0
2.1821 0
2.1835 0
2.185 0
2.1864 0
2.1878 0
2.1892 0
2.1906 0
2.192 0
2.1934 0
2.1949 0
2.1963 0
2.1977 0
2.1991 0
2.2005 0
2.2019 0
2.2033 0
2.2048 0
2.2062 0
2.2076 0
2.209 0
2.2104 0
2.2118 0
2.2132 0
2.2147 0
2.2161 0
2.2175 0
2.2189 0
2.2203 0
2.2217 0
2.2231 0
2.2246 0
2.226 0
2.2274 0
2.2288 0
2.2302 0
2.2316 0
2.233 0
2.2345 0
2.2359 0
2.2373 0
2.2387 0
2.2401 0
2.2415 0
2.2429 0
2.2444 0
2.2458 0
2.2472 0
2.2486 0
2.25 0
2.2514 0
2.2528 0
2.2543 0
2.2557 0
2.2571 0
2.2585 0
2.2599 0
2.2613 0
2.2627 0
2.2642 0
2.2656 0
2.267 0
2.2684 0
2.2698 0
2.2712 0
2.2726 0
2.2741 0
2.2755 0
2.2769 0
2.2783 0
2.2797 0
2.2811 0
2.2825 0
2.284 0
2.2854 0
2.2868 0
2.2882 0
2.2896 0
2.291 0
2.2924 0
2.2939 0
2.2953 0
2.2967 0
2.2981 0
2.2995 0
2.3009 0
2.3023 0
2.3038 0
2.3052 0
2.3066 0
2.308 0
2.3094 0
2.3108 0
2.3122 0
2.3137 0
2.3151 0
2.3165 0
2.3179 0
2.3193 0
2.3207 0
2.3221 0
2.3236 0
2.325 0
2.3264 0
2.3278 0
2.3292 0
2.3306 0
2.332 0
2.3335 0
2.3349 0
2.3363 0
2.3377 0
2.3391 0
2.3405 0
2.3419 0
2.3434 0
2.3448 0
2.3462 0
2.3476 0
2.349 0
2.3504 0
2.3518 0
2.3533 0
2.3547 0
2.3561 0
2.3575 0
2.3589 0
2.3603 0
2.3617 0
2.3632 0
2.3646 0
2.366 0
2.3674 0
2.3688 0
2.3702 0
2.3716 0
2.3731 0
2.3745 0
2.3759 0
2.3773 0
2.3787 0
2.3801 0
2.3815 0
2.3829 0
2.3844 0
2.3858 0
2.3872 0
2.3886 0
2.39 0
2.3914 0
2.3928 0
2.3943 0
2.3957 0
2.3971 0
2.3985 0
2.3999 0
2.4013 0
2.4027 0
2.4042 0
2.4056 0
2.407 0
2.4084 0
2.4098 0
2.4112 0
2.4126 0
2.4141 0
2.4155 0
2.4169 0
2.4183 0
2.4197 0
2.4211 0
2.4225 0
2.424 0
2.4254 0
2.4268 0
2.4282 0
2.4296 0
2.431 0
2.4324 0
2.4339 0
2.4353 0
2.4367 0
2.4381 0
2.4395 0
2.4409 0
2.4423 0
2.4438 0
2.4452 0
2.4466 0
2.448 0
2.4494 0
2.4508 0
2.4522 0
2.4537 0
2.4551 0
2.4565 0
2.4579 0
2.4593 0
2.4607 0
2.4621 0
2.4636 0
2.465 0
2.4664 0
2.4678 0
2.4692 0
2.4706 0
2.472 0
2.4735 0
2.4749 0
2.4763 0
2.4777 0
2.4791 0
2.4805 0
2.4819 0
2.4834 0
2.4848 0
2.4862 0
2.4876 0
2.489 0
2.4904 0
2.4918 0
2.4933 0
2.4947 0
2.4961 0
2.4975 0
2.4989 0
2.5003 0
2.5017 0
2.5032 0
2.5046 0
2.506 0
2.5074 0
2.5088 0
2.5102 0
2.5116 0
2.5131 0
2.5145 0
2.5159 0
2.5173 0
2.5187 0
2.5201 0
2.5215 0
2.523 0
2.5244 0
2.5258 0
2.5272 0
2.5286 0
2.53 0
2.5314 0
2.5329 0
2.5343 0
2.5357 0
2.5371 0
2.5385 0
2.5399 0
2.5413 0
2.5428 0
2.5442 0
2.5456 0
2.547 0
2.5484 0
2.5498 0
2.5512 0
2.5527 0
2.5541 0
2.5555 0
2.5569 0
2.5583 0
2.5597 0
2.5611 0
2.5626 0
2.564 0
2.5654 0
2.5668 0
2.5682 0
2.5696 0
2.571 0
2.5725 0
2.5739 0
2.5753 0
2.5767 0
2.5781 0
2.5795 0
2.5809 0
2.5824 0
2.5838 0
2.5852 0
2.5866 0
2.588 0
2.5894 0
2.5908 0
2.5923 0
2.5937 0
2.5951 0
2.5965 0
2.5979 0
2.5993 0
2.6007 0
2.6022 0
2.6036 0
2.605 0
2.6064 0
2.6078 0
2.6092 0
2.6106 0
2.6121 0
2.6135 0
2.6149 0
2.6163 0
2.6177 0
2.6191 0
2.6205 0
2.622 0
2.6234 0
2.6248 0
2.6262 0
2.6276 0
2.629 0
2.6304 0
2.6319 0
2.6333 0
2.6347 0
2.6361 0
2.6375 0
2.6389 0
2.6403 0
2.6418 0
2.6432 0
2.6446 0
2.646 0
2.6474 0
2.6488 0
2.6502 0
2.6517 0
2.6531 0
2.6545 0
2.6559 0
2.6573 0
2.6587 0
2.6601 0
2.6615 0
2.663 0
2.6644 0
2.6658 0
2.6672 0
2.6686 0
2.67 0
2.6714 0
2.6729 0
2.6743 0
2.6757 0
2.6771 0
2.6785 0
2.6799 0
2.6813 0
2.6828 0
2.6842 0
2.6856 0
2.687 0
2.6884 0
2.6898 0
2.6912 0
2.6927 0
2.6941 0
2.6955 0
2.6969 0
2.6983 0
2.6997 0
2.7011 0
2.7026 0
2.704 0
2.7054 0
2.7068 0
2.7082 0
2.7096 0
2.711 0
2.7125 0
2.7139 0
2.7153 0
2.7167 0
2.7181 0
2.7195 0
2.7209 0
2.7224 0
2.7238 0
2.7252 0
2.7266 0
2.728 0
2.7294 0
2.7308 0
2.7323 0
2.7337 0
2.7351 0
2.7365 0
2.7379 0
2.7393 0
2.7407 0
2.7422 0
2.7436 0
2.745 0
2.7464 0
2.7478 0
2.7492 0
2.7506 0
2.7521 0
2.7535 0
2.7549 0
2.7563 0
2.7577 0
2.7591 0
2.7605 0
2.762 0
2.7634 0
2.7648 0
2.7662 0
2.7676 0
2.769 0
2.7704 0
2.7719 0
2.7733 0
2.7747 0
2.7761 0
2.7775 0
2.7789 0
2.7803 0
2.7818 0
2.7832 0
2.7846 0
2.786 0
2.7874 0
2.7888 0
2.7902 0
2.7917 0
2.7931 0
2.7945 0
2.7959 0
2.7973 0
2.7987 0
2.8001 0
2.8016 0
2.803 0
2.8044 0
2.8058 0
2.8072 0
2.8086 0
2.81 0
2.8115 0
2.8129 0
2.8143 0
2.8157 0
2.8171 0
2.8185 0
2.8199 0
2.8214 0
2.8228 0
2.8242 0
2.8256 0
2.827 0
2.8284 0
2.8298 0
2.8313 0
2.8327 0
2.8341 0
2.8355 0
2.8369 0
2.8383 0
2.8397 0
2.8412 0
2.8426 0
2.844 0
2.8454 0
2.8468 0
2.8482 0
2.8496 0
2.8511 0
2.8525 0
2.8539 0
2.8553 0
2.8567 0
2.8581 0
2.8595 0
2.861 0
2.8624 0
2.8638 0
2.8652 0
2.8666 0
2.868 0
2.8694 0
2.8709 0
2.8723 0
2.8737 0
2.8751 0
2.8765 0
2.8779 0
2.8793 0
2.8808 0
2.8822 0
2.8836 0
2.885 0
2.8864 0
2.8878 0
2.8892 0
2.8907 0
2.8921 0
2.8935 0
2.8949 0
2.8963 0
2.8977 0
2.8991 0
2.9006 0
2.902 0
2.9034 0
2.9048 0
2.9062 0
2.9076 0
2.909 0
2.9105 0
2.9119 0
2.9133 0
2.9147 0
2.9161 0
2.9175 0
2.9189 0
2.9204 0
2.9218 0
2.9232 0
2.9246 0
2.926 0
2.9274 0
2.9288 0
2.9303 0
2.9317 0
2.9331 0
2.9345 0
2.9359 0
2.9373 0
2.9387 0
2.9401 0
2.9416 0
2.943 0
2.9444 0
2.9458 0
2.9472 0
2.9486 0
2.95 0
2.9515 0
2.9529 0
2.9543 0
2.9557 0
2.9571 0
2.9585 0
2.9599 0
2.9614 0
2.9628 0
2.9642 0
2.9656 0
2.967 0
2.9684 0
2.9698 0
2.9713 0
2.9727 0
2.9741 0
2.9755 0
2.9769 0
2.9783 0
2.9797 0
2.9812 0
2.9826 0
2.984 0
2.9854 0
2.9868 0
2.9882 0
2.9896 0
2.9911 0
2.9925 0
2.9939 0
2.9953 0
2.9967 0
2.9981 0
2.9995 0
3.001 0
3.0024 0
3.0038 0
3.0052 0
3.0066 0
3.008 0
3.0094 0
3.0109 0
3.0123 0
3.0137 0
3.0151 0
3.0165 0
3.0179 0
3.0193 0
3.0208 0
3.0222 0
3.0236 0
3.025 0
3.0264 0
3.0278 0
3.0292 0
3.0307 0
3.0321 0
3.0335 0
3.0349 0
3.0363 0
3.0377 0
3.0391 0
3.0406 0
3.042 0
3.0434 0
3.0448 0
3.0462 0
3.0476 0
3.049 0
3.0505 0
3.0519 0
3.0533 0
3.0547 0
3.0561 0
3.0575 0
3.0589 0
3.0604 0
3.0618 0
3.0632 0
3.0646 0
3.066 0
3.0674 0
3.0688 0
3.0703 0
3.0717 0
3.0731 0
3.0745 0
3.0759 0
3.0773 0
3.0787 0
3.0802 0
3.0816 0
3.083 0
3.0844 0
3.0858 0
3.0872 0
3.0886 0
3.0901 0
3.0915 0
3.0929 0
3.0943 0
3.0957 0
3.0971 0
3.0985 0
3.1 0
3.1014 0
3.1028 0
3.1042 0
3.1056 0
3.107 0
3.1084 0
3.1099 0
3.1113 0
3.1127 0
3.1141 0
3.1155 0
3.1169 0
3.1183 0
3.1198 0
3.1212 0
3.1226 0
3.124 0
3.1254 0
3.1268 0
3.1282 0
3.1297 0
3.1311 0
3.1325 0
3.1339 0
3.1353 0
3.1367 0
3.1381 0
3.1396 0
3.141 0
3.1424 0
3.1438 0
3.1452 0
3.1466 0
3.148 0
3.1495 0
3.1509 0
3.1523 0
3.1537 0
3.1551 0
3.1565 0
3.1579 0
3.1594 0
3.1608 0
3.1622 0
3.1636 0
3.165 0
3.1664 0
3.1678 0
3.1693 0
3.1707 0
3.1721 0
3.1735 0
3.1749 0
3.1763 0
3.1777 0
3.1792 0
3.1806 0
3.182 0
3.1834 0
3.1848 0
3.1862 0
3.1876 0
3.1891 0
3.1905 0
3.1919 0
3.1933 0
3.1947 0
3.1961 0
3.1975 0
3.199 0
3.2004 0
3.2018 0
3.2032 0
3.2046 0
3.206 0
3.2074 0
3.2089 0
3.2103 0
3.2117 0
3.2131 0
3.2145 0
3.2159 0
3.2173 0
3.2188 0
3.2202 0
3.2216 0
3.223 0
3.2244 0
3.2258 0
3.2272 0
3.2286 0
3.2301 0
3.2315 0
3.2329 0
3.2343 0
3.2357 0
3.2371 0
3.2385 0
3.24 0
3.2414 0
3.2428 0
3.2442 0
3.2456 0
3.247 0
3.2484 0
3.2499 0
3.2513 0
3.2527 0
3.2541 0
3.2555 0
3.2569 0
3.2583 0
3.2598 0
3.2612 0
3.2626 0
3.264 0
3.2654 0
3.2668 0
3.2682 0
3.2697 0
3.2711 0
3.2725 0
3.2739 0
3.2753 0
3.2767 0
3.2781 0
3.2796 0
3.281 0
3.2824 0
3.2838 0
3.2852 0
3.2866 0
3.288 0
3.2895 0
3.2909 0
3.2923 0
3.2937 0
3.2951 0
3.2965 0
3.2979 0
3.2994 0
3.3008 0
3.3022 0
3.3036 0
3.305 0
3.3064 0
3.3078 0
3.3093 0
3.3107 0
3.3121 0
3.3135 0
3.3149 0
3.3163 0
3.3177 0
3.3192 0
3.3206 0
3.322 0
3.3234 0
3.3248 0
3.3262 0
3.3276 0
3.3291 0
3.3305 0
3.3319 0
3.3333 0
3.3347 0
3.3361 0
3.3375 0
3.339 0
3.3404 0
3.3418 0
3.3432 0
3.3446 0
3.346 0
3.3474 0
3.3489 0
3.3503 0
3.3517 0
3.3531 0
3.3545 0
3.3559 0
3.3573 0
3.3588 0
3.3602 0
3.3616 0
3.363 0
3.3644 0
3.3658 0
3.3672 0
3.3687 0
3.3701 0
3.3715 0
3.3729 0
3.3743 0
3.3757 0
3.3771 0
3.3786 0
3.38 0
3.3814 0
3.3828 0
3.3842 0
3.3856 0
3.387 0
3.3885 0
3.3899 0
3.3913 0
3.3927 0
3.3941 0
3.3955 0
3.3969 0
3.3984 0
3.3998 0
3.4012 0
3.4026 0
3.404 0
3.4054 0
3.4068 0
3.4083 0
3.4097 0
3.4111 0
3.4125 0
3.4139 0
3.4153 0
3.4167 0
3.4182 0
3.4196 0
3.421 0
3.4224 0
3.4238 0
3.4252 0
3.4266 0
3.4281 0
3.4295 0
3.4309 0
3.4323 0
3.4337 0
3.4351 0
3.4365 0
3.438 0
3.4394 0
3.4408 0
3.4422 0
3.4436 0
3.445 0
3.4464 0
3.4479 0
3.4493 0
3.4507 0
3.4521 0
3.4535 0
3.4549 0
3.4563 0
3.4578 0
3.4592 0
3.4606 0
3.462 0
3.4634 0
3.4648 0
3.4662 0
3.4677 0
3.4691 0
3.4705 0
3.4719 0
3.4733 0
3.4747 0
3.4761 0
3.4776 0
3.479 0
3.4804 0
3.4818 0
3.4832 0
3.4846 0
3.486 0
3.4875 0
3.4889 0
3.4903 0
3.4917 0
3.4931 0
3.4945 0
3.4959 0
3.4974 0
3.4988 0
3.5002 0
3.5016 0
3.503 0
3.5044 0
3.5058 0
3.5072 0
3.5087 0
3.5101 0
3.5115 0
3.5129 0
3.5143 0
3.5157 0
3.5171 0
3.5186 0
3.52 0
3.5214 0
3.5228 0
3.5242 0
3.5256 0
3.527 0
3.5285 0
3.5299 0
3.5313 0
3.5327 0
3.5341 0
3.5355 0
3.5369 0
3.5384 0
3.5398 0
3.5412 0
3.5426 0
3.544 0
3.5454 0
3.5468 0
3.5483 0
3.5497 0
3.5511 0
3.5525 0
3.5539 0
3.5553 0
3.5567 0
3.5582 0
3.5596 0
3.561 0
3.5624 0
3.5638 0
3.5652 0
3.5666 0
3.5681 0
3.5695 0
3.5709 0
3.5723 0
3.5737 0
3.5751 0
3.5765 0
3.578 0
3.5794 0
3.5808 0
3.5822 0
3.5836 0
3.585 0
3.5864 0
3.5879 0
3.5893 0
3.5907 0
3.5921 0
3.5935 0
3.5949 0
3.5963 0
3.5978 0
3.5992 0
3.6006 0
3.602 0
3.6034 0
3.6048 0
3.6062 0
3.6077 0
3.6091 0
3.6105 0
3.6119 0
3.6133 0
3.6147 0
3.6161 0
3.6176 0
3.619 0
3.6204 0
3.6218 0
3.6232 0
3.6246 0
3.626 0
3.6275 0
3.6289 0
3.6303 0
3.6317 0
3.6331 0
3.6345 0
3.6359 0
3.6374 0
3.6388 0
3.6402 0
3.6416 0
3.643 0
3.6444 0
3.6458 0
3.6473 0
3.6487 0
3.6501 0
3.6515 0
3.6529 0
3.6543 0
3.6557 0
3.6572 0
3.6586 0
3.66 0
3.6614 0
3.6628 0
3.6642 0
3.6656 0
3.6671 0
3.6685 0
3.6699 0
3.6713 0
3.6727 0
3.6741 0
3.6755 0
3.677 0
3.6784 0
3.6798 0
3.6812 0
3.6826 0
3.684 0
3.6854 0
3.6869 0
3.6883 0
3.6897 0
3.6911 0
3.6925 0
3.6939 0
3.6953 0
3.6968 0
3.6982 0
3.6996 0
3.701 0
3.7024 0
3.7038 0
3.7052 0
3.7067 0
3.7081 0
3.7095 0
3.7109 0
3.7123 0
3.7137 0
3.7151 0
3.7166 0
3.718 0
3.7194 0
3.7208 0
3.7222 0
3.7236 0
3.725 0
3.7265 0
3.7279 0
3.7293 0
3.7307 0
3.7321 0
3.7335 0
3.7349 0
3.7364 0
3.7378 0
3.7392 0
3.7406 0
3.742 0
3.7434 0
3.7448 0
3.7463 0
3.7477 0
3.7491 0
3.7505 0
3.7519 0
3.7533 0
3.7547 0
3.7562 0
3.7576 0
3.759 0
3.7604 0
3.7618 0
3.7632 0
3.7646 0
3.7661 0
3.7675 0
3.7689 0
3.7703 0
3.7717 0
3.7731 0
3.7745 0
3.776 0
3.7774 0
3.7788 0
3.7802 0
3.7816 0
3.783 0
3.7844 0
3.7858 0
3.7873 0
3.7887 0
3.7901 0
3.7915 0
3.7929 0
3.7943 0
3.7957 0
3.7972 0
3.7986 0
3.8 0
3.8014 0
3.8028 0
3.8042 0
3.8056 0
3.8071 0
3.8085 0
3.8099 0
3.8113 0
3.8127 0
3.8141 0
3.8155 0
3.817 0
3.8184 0
3.8198 0
3.8212 0
3.8226 0
3.824 0
3.8254 0
3.8269 0
3.8283 0
3.8297 0
3.8311 0
3.8325 0
3.8339 0
3.8353 0
3.8368 0
3.8382 0
3.8396 0
3.841 0
3.8424 0
3.8438 0
3.8452 0
3.8467 0
3.8481 0
3.8495 0
3.8509 0
3.8523 0
3.8537 0
3.8551 0
3.8566 0
3.858 0
3.8594 0
3.8608 0
3.8622 0
3.8636 0
3.865 0
3.8665 0
3.8679 0
3.8693 0
3.8707 0
3.8721 0
3.8735 0
3.8749 0
3.8764 0
3.8778 0
3.8792 0
3.8806 0
3.882 0
3.8834 0
3.8848 0
3.8863 0
3.8877 0
3.8891 0
3.8905 0
3.8919 0
3.8933 0
3.8947 0
3.8962 0
3.8976 0
3.899 0
3.9004 0
3.9018 0
3.9032 0
3.9046 0
3.9061 0
3.9075 0
3.9089 0
3.9103 0
3.9117 0
3.9131 0
3.9145 0
3.916 0
3.9174 0
3.9188 0
3.9202 0
3.9216 0
3.923 0
3.9244 0
3.9259 0
3.9273 0
3.9287 0
3.9301 0
3.9315 0
3.9329 0
3.9343 0
3.9358 0
3.9372 0
3.9386 0
3.94 0
3.9414 0
3.9428 0
3.9442 0
3.9457 0
3.9471 0
3.9485 0
3.9499 0
3.9513 0
3.9527 0
3.9541 0
3.9556 0
3.957 0
3.9584 0
3.9598 0
3.9612 0
3.9626 0
3.964 0
3.9655 0
3.9669 0
3.9683 0
3.9697 0
3.9711 0
3.9725 0
3.9739 0
3.9754 0
3.9768 0
3.9782 0
3.9796 0
3.981 0
3.9824 0
3.9838 0
3.9853 0
3.9867 0
3.9881 0
3.9895 0
3.9909 0
3.9923 0
3.9937 0
3.9952 0
3.9966 0
3.998 0
3.9994 0
4.0008 0
4.0022 0
4.0036 0
4.0051 0
4.0065 0
4.0079 0
4.0093 0
4.0107 0
4.0121 0
4.0135 0
4.015 0
4.0164 0
4.0178 0
4.0192 0
4.0206 0
4.022 0
4.0234 0
4.0249 0
4.0263 0
4.0277 0
4.0291 0
4.0305 0
4.0319 0
4.0333 0
4.0348 0
4.0362 0
4.0376 0
4.039 0
4.0404 0
4.0418 0
4.0432 0
4.0447 0
4.0461 0
4.0475 0
4.0489 0
4.0503 0
4.0517 0
4.0531 0
4.0546 0
4.056 0
4.0574 0
4.0588 0
4.0602 0
4.0616 0
4.063 0
4.0644 0
4.0659 0
4.0673 0
4.0687 0
4.0701 0
4.0715 0
4.0729 0
4.0743 0
4.0758 0
4.0772 0
4.0786 0
4.08 0
4.0814 0
4.0828 0
4.0842 0
4.0857 0
4.0871 0
4.0885 0
4.0899 0
4.0913 0
4.0927 0
4.0941 0
4.0956 0
4.097 0
4.0984 0
4.0998 0
4.1012 0
4.1026 0
4.104 0
4.1055 0
4.1069 0
4.1083 0
4.1097 0
4.1111 0
4.1125 0
4.1139 0
4.1154 0
4.1168 0
4.1182 0
4.1196 0
4.121 0
4.1224 0
4.1238 0
4.1253 0
4.1267 0
4.1281 0
4.1295 0
4.1309 0
4.1323 0
4.1337 0
4.1352 0
4.1366 0
4.138 0
4.1394 0
4.1408 0
4.1422 0
4.1436 0
4.1451 0
4.1465 0
4.1479 0
4.1493 0
4.1507 0
4.1521 0
4.1535 0
4.155 0
4.1564 0
4.1578 0
4.1592 0
4.1606 0
4.162 0
4.1634 0
4.1649 0
4.1663 0
4.1677 0
4.1691 0
4.1705 0
4.1719 0
4.1733 0
4.1748 0
4.1762 0
4.1776 0
4.179 0
4.1804 0
4.1818 0
4.1832 0
4.1847 0
4.1861 0
4.1875 0
4.1889 0
4.1903 0
4.1917 0
4.1931 0
4.1946 0
4.196 0
4.1974 0
4.1988 0
4.2002 0
4.2016 0
4.203 0
4.2045 0
4.2059 0
4.2073 0
4.2087 0
4.2101 0
4.2115 0
4.2129 0
4.2144 0
4.2158 0
4.2172 0
4.2186 0
4.22 0
4.2214 0
4.2228 0
4.2243 0
4.2257 0
4.2271 0
4.2285 0
4.2299 0
4.2313 0
4.2327 0
4.2342 0
4.2356 0
4.237 0
4.2384 0
4.2398 0
4.2412 0
4.2426 0
4.2441 0
4.2455 0
4.2469 0
4.2483 0
4.2497 0
4.2511 0
4.2525 0
4.254 0
4.2554 0
4.2568 0
4.2582 0
4.2596 0
4.261 0
4.2624 0
4.2639 0
4.2653 0
4.2667 0
4.2681 0
4.2695 0
4.2709 0
4.2723 0
4.2738 0
4.2752 0
4.2766 0
4.278 0
4.2794 0
4.2808 0
4.2822 0
4.2837 0
4.2851 0
4.2865 0
4.2879 0
4.2893 0
4.2907 0
4.2921 0
4.2936 0
4.295 0
4.2964 0
4.2978 0
4.2992 0
4.3006 0
4.302 0
4.3035 0
4.3049 0
4.3063 0
4.3077 0
4.3091 0
4.3105 0
4.3119 0
4.3134 0
4.3148 0
4.3162 0
4.3176 0
4.319 0
4.3204 0
4.3218 0
4.3233 0
4.3247 0
4.3261 0
4.3275 0
4.3289 0
4.3303 0
4.3317 0
4.3332 0
4.3346 0
4.336 0
4.3374 0
4.3388 0
4.3402 0
4.3416 0
4.343 0
4.3445 0
4.3459 0
4.3473 0
4.3487 0
4.3501 0
4.3515 0
4.3529 0
4.3544 0
4.3558 0
4.3572 0
4.3586 0
4.36 0
4.3614 0
4.3628 0
4.3643 0
4.3657 0
4.3671 0
4.3685 0
4.3699 0
4.3713 0
4.3727 0
4.3742 0
4.3756 0
4.377 0
4.3784 0
4.3798 0
4.3812 0
4.3826 0
4.3841 0
4.3855 0
4.3869 0
4.3883 0
4.3897 0
4.3911 0
4.3925 0
4.394 0
4.3954 0
4.3968 0
4.3982 0
4.3996 0
4.401 0
4.4024 0
4.4039 0
4.4053 0
4.4067 0
4.4081 0
4.4095 0
4.4109 0
4.4123 0
4.4138 0
4.4152 0
4.4166 0
4.418 0
4.4194 0
4.4208 0
4.4222 0
4.4237 0
4.4251 0
4.4265 0
4.4279 0
4.4293 0
4.4307 0
4.4321 0
4.4336 0
4.435 0
4.4364 0
4.4378 0
4.4392 0
4.4406 0
4.442 0
4.4435 0
4.4449 0
4.4463 0
4.4477 0
4.4491 0
4.4505 0
4.4519 0
4.4534 0
4.4548 0
4.4562 0
4.4576 0
4.459 0
4.4604 0
4.4618 0
4.4633 0
4.4647 0
4.4661 0
4.4675 0
4.4689 0
4.4703 0
4.4717 0
4.4732 0
4.4746 0
4.476 0
4.4774 0
4.4788 0
4.4802 0
4.4816 0
4.4831 0
4.4845 0
4.4859 0
4.4873 0
4.4887 0
4.4901 0
4.4915 0
4.493 0
4.4944 0
4.4958 0
4.4972 0
4.4986 0
4.5 0
4.5014 0
4.5029 0
4.5043 0
4.5057 0
4.5071 0
4.5085 0
4.5099 0
4.5113 0
4.5128 0
4.5142 0
4.5156 0
4.517 0
4.5184 0
4.5198 0
4.5212 0
4.5227 0
4.5241 0
4.5255 0
4.5269 0
4.5283 0
4.5297 0
4.5311 0
4.5326 0
4.534 0
4.5354 0
4.5368 0
4.5382 0
4.5396 0
4.541 0
4.5425 0
4.5439 0
4.5453 0
4.5467 0
4.5481 0
4.5495 0
4.5509 0
4.5524 0
4.5538 0
4.5552 0
4.5566 0
4.558 0
4.5594 0
4.5608 0
4.5623 0
4.5637 0
4.5651 0
4.5665 0
4.5679 0
4.5693 0
4.5707 0
4.5722 0
4.5736 0
4.575 0
4.5764 0
4.5778 0
4.5792 0
4.5806 0
4.5821 0
4.5835 0
4.5849 0
4.5863 0
4.5877 0
4.5891 0
4.5905 0
4.592 0
4.5934 0
4.5948 0
4.5962 0
4.5976 0
4.599 0
4.6004 0
4.6019 0
4.6033 0
4.6047 0
4.6061 0
4.6075 0
4.6089 0
4.6103 0
4.6118 0
4.6132 0
4.6146 0
4.616 0
4.6174 0
4.6188 0
4.6202 0
4.6216 0
4.6231 0
4.6245 0
4.6259 0
4.6273 0
4.6287 0
4.6301 0
4.6315 0
4.633 0
4.6344 0
4.6358 0
4.6372 0
4.6386 0
4.64 0
4.6414 0
4.6429 0
4.6443 0
4.6457 0
4.6471 0
4.6485 0
4.6499 0
4.6513 0
4.6528 0
4.6542 0
4.6556 0
4.657 0
4.6584 0
4.6598 0
4.6612 0
4.6627 0
4.6641 0
4.6655 0
4.6669 0
4.6683 0
4.6697 0
4.6711 0
4.6726 0
4.674 0
4.6754 0
4.6768 0
4.6782 0
4.6796 0
4.681 0
4.6825 0
4.6839 0
4.6853 0
4.6867 0
4.6881 0
4.6895 0
4.6909 0
4.6924 0
4.6938 0
4.6952 0
4.6966 0
4.698 0
4.6994 0
4.7008 0
4.7023 0
4.7037 0
4.7051 0
4.7065 0
4.7079 0
4.7093 0
4.7107 0
4.7122 0
4.7136 0
4.715 0
4.7164 0
4.7178 0
4.7192 0
4.7206 0
4.7221 0
4.7235 0
4.7249 0
4.7263 0
4.7277 0
4.7291 0
4.7305 0
4.732 0
4.7334 0
4.7348 0
4.7362 0
4.7376 0
4.739 0
4.7404 0
4.7419 0
4.7433 0
4.7447 0
4.7461 0
4.7475 0
4.7489 0
4.7503 0
4.7518 0
4.7532 0
4.7546 0
4.756 0
4.7574 0
4.7588 0
4.7602 0
4.7617 0
4.7631 0
4.7645 0
4.7659 0
4.7673 0
4.7687 0
4.7701 0
4.7716 0
4.773 0
4.7744 0
4.7758 0
4.7772 0
4.7786 0
4.78 0
4.7815 0
4.7829 0
4.7843 0
4.7857 0
4.7871 0
4.7885 0
4.7899 0
4.7914 0
4.7928 0
4.7942 0
4.7956 0
4.797 0
4.7984 0
4.7998 0
4.8013 0
4.8027 0
4.8041 0
4.8055 0
4.8069 0
4.8083 0
4.8097 0
4.8112 0
4.8126 0
4.814 0
4.8154 0
4.8168 0
4.8182 0
4.8196 0
4.8211 0
4.8225 0
4.8239 0
4.8253 0
4.8267 0
4.8281 0
4.8295 0
4.831 0
4.8324 0
4.8338 0
4.8352 0
4.8366 0
4.838 0
4.8394 0
4.8409 0
4.8423 0
4.8437 0
4.8451 0
4.8465 0
4.8479 0
4.8493 0
4.8508 0
4.8522 0
4.8536 0
4.855 0
4.8564 0
4.8578 0
4.8592 0
4.8607 0
4.8621 0
4.8635 0
4.8649 0
4.8663 0
4.8677 0.020274
4.8691 0.042467
4.8706 0.066636
4.872 0.092846
4.8734 0.12116
4.8748 0.15165
4.8762 0.18432
4.8776 0.21927
4.879 0.25658
4.8805 0.29631
4.8819 0.33847
4.8833 0.36348
4.8847 0.38915
4.8861 0.41545
4.8875 0.44231
4.8889 0.46965
4.8904 0.49737
4.8918 0.52535
4.8932 0.55345
4.8946 0.58153
4.896 0.60945
4.8974 0.63709
4.8988 0.66431
4.9002 0.69103
4.9017 0.71716
4.9031 0.74261
4.9045 0.76734
4.9059 0.79131
4.9073 0.81449
4.9087 0.83688
4.9101 0.85847
4.9116 0.87928
4.913 0.89933
4.9144 0.91864
4.9158 0.93725
4.9172 0.95519
4.9186 0.9725
4.92 0.98923
4.9215 1.0054
4.9229 1.0211
4.9243 1.0363
4.9257 1.051
4.9271 1.0654
4.9285 1.0793
4.9299 1.093
4.9314 1.1063
4.9328 1.1193
4.9342 1.132
4.9356 1.1445
4.937 1.1568
4.9384 1.1688
4.9398 1.1806
4.9413 1.1923
4.9427 1.2037
4.9441 1.2151
4.9455 1.2262
4.9469 1.2372
4.9483 1.2481
4.9497 1.2589
4.9512 1.2696
4.9526 1.2802
4.954 1.2907
4.9554 1.3011
4.9568 1.3115
4.9582 1.3219
4.9596 1.3322
4.9611 1.3424
4.9625 1.3527
4.9639 1.3629
4.9653 1.3731
4.9667 1.3834
4.9681 1.3936
4.9695 1.4038
4.971 1.4141
4.9724 1.4244
4.9738 1.4347
4.9752 1.445
4.9766 1.4553
4.978 1.4657
4.9794 1.4761
4.9809 1.4865
4.9823 1.4969
4.9837 1.5073
4.9851 1.5178
4.9865 1.5283
4.9879 1.5388
4.9893 1.5494
4.9908 1.5599
4.9922 1.5705
4.9936 1.5811
4.995 1.5917
4.9964 1.6023
4.9978 1.613
4.9992 1.6237
5.0007 1.6344
5.0021 1.6451
5.0035 1.6559
5.0049 1.6667
5.0063 1.6776
5.0077 1.6885
5.0091 1.6994
5.0106 1.7104
5.012 1.7214
5.0134 1.7325
5.0148 1.7436
5.0162 1.7548
5.0176 1.766
5.019 1.7773
5.0205 1.7886
5.0219 1.7999
5.0233 1.8113
5.0247 1.8228
5.0261 1.8343
5.0275 1.8458
5.0289 1.8573
5.0304 1.8689
5.0318 1.8805
5.0332 1.8922
5.0346 1.9038
5.036 1.9155
5.0374 1.9272
5.0388 1.9389
5.0403 1.9505
5.0417 1.9622
5.0431 1.9739
5.0445 1.9855
5.0459 1.9972
5.0473 2.0088
5.0487 2.0203
5.0502 2.0318
5.0516 2.0433
5.053 2.0547
5.0544 2.0661
5.0558 2.0774
5.0572 2.0886
5.0586 2.0997
5.0601 2.1107
5.0615 2.1217
5.0629 2.1325
5.0643 2.1432
5.0657 2.1538
5.0671 2.1643
5.0685 2.1747
5.07 2.1849
5.0714 2.1949
5.0728 2.2049
5.0742 2.2146
5.0756 2.2243
5.077 2.2337
5.0784 2.243
5.0799 2.2522
5.0813 2.2611
5.0827 2.2699
5.0841 2.2786
5.0855 2.2871
5.0869 2.2954
5.0883 2.3035
5.0898 2.3115
5.0912 2.3194
5.0926 2.3271
5.094 2.3346
5.0954 2.342
5.0968 2.3492
5.0982 2.3563
5.0997 2.3632
5.1011 2.37
5.1025 2.3767
5.1039 2.3833
5.1053 2.3897
5.1067 2.396
5.1081 2.4023
5.1096 2.4084
5.111 2.4144
5.1124 2.4203
5.1138 2.4262
5.1152 2.4319
5.1166 2.4376
5.118 2.4432
5.1195 2.4487
5.1209 2.4542
5.1223 2.4596
5.1237 2.465
5.1251 2.4703
5.1265 2.4756
5.1279 2.4808
5.1294 2.486
5.1308 2.4912
5.1322 2.4963
5.1336 2.5015
5.135 2.5066
5.1364 2.5117
5.1378 2.5167
5.1393 2.5218
5.1407 2.5269
5.1421 2.532
5.1435 2.537
5.1449 2.5421
5.1463 2.5472
5.1477 2.5523
5.1492 2.5574
5.1506 2.5625
5.152 2.5676
5.1534 2.5728
5.1548 2.5779
5.1562 2.5831
5.1576 2.5883
5.1591 2.5935
5.1605 2.5988
5.1619 2.604
5.1633 2.6093
5.1647 2.6146
5.1661 2.6199
5.1675 2.6253
5.169 2.6306
5.1704 2.636
5.1718 2.6414
5.1732 2.6468
5.1746 2.6522
5.176 2.6576
5.1774 2.6631
5.1789 2.6685
5.1803 2.674
5.1817 2.6795
5.1831 2.6849
5.1845 2.6904
5.1859 2.6959
5.1873 2.7014
5.1887 2.7068
5.1902 2.7123
5.1916 2.7177
5.193 2.7232
5.1944 2.7286
5.1958 2.734
5.1972 2.7394
5.1986 2.7448
5.2001 2.7502
5.2015 2.7555
5.2029 2.7608
5.2043 2.7661
5.2057 2.7713
5.2071 2.7766
5.2085 2.7817
5.21 2.7869
5.2114 2.792
5.2128 2.7971
5.2142 2.8022
5.2156 2.8072
5.217 2.8122
5.2184 2.8171
5.2199 2.822
5.2213 2.8269
5.2227 2.8318
5.2241 2.8366
5.2255 2.8414
5.2269 2.8461
5.2283 2.8509
5.2298 2.8556
5.2312 2.8603
5.2326 2.8649
5.234 2.8696
5.2354 2.8742
5.2368 2.8788
5.2382 2.8834
5.2397 2.888
5.2411 2.8926
5.2425 2.8972
5.2439 2.9018
5.2453 2.9064
5.2467 2.911
5.2481 2.9157
5.2496 2.9203
5.251 2.925
5.2524 2.9297
5.2538 2.9344
5.2552 2.9392
5.2566 2.944
5.258 2.9488
5.2595 2.9537
5.2609 2.9586
5.2623 2.9635
5.2637 2.9686
5.2651 2.9736
5.2665 2.9788
5.2679 2.9839
5.2694 2.9892
5.2708 2.9945
5.2722 2.9999
5.2736 3.0053
5.275 3.0108
5.2764 3.0164
5.2778 3.022
5.2793 3.0277
5.2807 3.0335
5.2821 3.0394
5.2835 3.0453
5.2849 3.0513
5.2863 3.0574
5.2877 3.0635
5.2892 3.0697
5.2906 3.076
5.292 3.0823
5.2934 3.0888
5.2948 3.0952
5.2962 3.1018
5.2976 3.1084
5.2991 3.1151
5.3005 3.1218
5.3019 3.1286
5.3033 3.1354
5.3047 3.1423
5.3061 3.1493
5.3075 3.1563
5.309 3.1633
5.3104 3.1704
5.3118 3.1776
5.3132 3.1847
5.3146 3.192
5.316 3.1992
5.3174 3.2065
5.3189 3.2138
5.3203 3.2212
5.3217 3.2286
5.3231 3.236
5.3245 3.2434
5.3259 3.2508
5.3273 3.2583
5.3288 3.2658
5.3302 3.2732
5.3316 3.2807
5.333 3.2882
5.3344 3.2957
5.3358 3.3032
5.3372 3.3106
5.3387 3.3181
5.3401 3.3255
5.3415 3.3329
5.3429 3.3403
5.3443 3.3476
5.3457 3.3549
5.3471 3.3621
5.3486 3.3693
5.35 3.3764
5.3514 3.3834
5.3528 3.3904
5.3542 3.3972
5.3556 3.404
5.357 3.4107
5.3585 3.4173
5.3599 3.4238
5.3613 3.4301
5.3627 3.4364
5.3641 3.4425
5.3655 3.4485
5.3669 3.4543
5.3684 3.46
5.3698 3.4656
5.3712 3.471
5.3726 3.4762
5.374 3.4813
5.3754 3.4862
5.3768 3.491
5.3783 3.4956
5.3797 3.5001
5.3811 3.5044
5.3825 3.5085
5.3839 3.5125
5.3853 3.5163
5.3867 3.5199
5.3882 3.5234
5.3896 3.5268
5.391 3.53
5.3924 3.5331
5.3938 3.536
5.3952 3.5388
5.3966 3.5415
5.3981 3.5441
5.3995 3.5466
5.4009 3.5489
5.4023 3.5512
5.4037 3.5534
5.4051 3.5554
5.4065 3.5575
5.408 3.5594
5.4094 3.5613
5.4108 3.5631
5.4122 3.5649
5.4136 3.5666
5.415 3.5682
5.4164 3.5699
5.4179 3.5715
5.4193 3.5731
5.4207 3.5747
5.4221 3.5762
5.4235 3.5778
5.4249 3.5793
5.4263 3.5809
5.4278 3.5824
5.4292 3.584
5.4306 3.5855
5.432 3.587
5.4334 3.5886
5.4348 3.5901
5.4362 3.5916
5.4377 3.5931
5.4391 3.5947
5.4405 3.5962
5.4419 3.5978
5.4433 3.5994
5.4447 3.601
5.4461 3.6027
5.4476 3.6044
5.449 3.606
5.4504 3.6078
5.4518 3.6095
5.4532 3.6113
5.4546 3.613
5.456 3.6148
5.4575 3.6167
5.4589 3.6185
5.4603 3.6204
5.4617 3.6223
5.4631 3.6242
5.4645 3.6262
5.4659 3.6282
5.4673 3.6302
5.4688 3.6322
5.4702 3.6343
5.4716 3.6364
5.473 3.6386
5.4744 3.6408
5.4758 3.643
5.4772 3.6452
5.4787 3.6475
5.4801 3.6499
5.4815 3.6523
5.4829 3.6547
5.4843 3.6572
5.4857 3.6598
5.4871 3.6624
5.4886 3.6651
5.49 3.6678
5.4914 3.6706
5.4928 3.6734
5.4942 3.6763
5.4956 3.6792
5.497 3.6822
5.4985 3.6853
5.4999 3.6884
5.5013 3.6916
5.5027 3.6948
5.5041 3.6981
5.5055 3.7014
5.5069 3.7047
5.5084 3.708
5.5098 3.7114
5.5112 3.7148
5.5126 3.7181
5.514 3.7215
5.5154 3.7249
5.5168 3.7282
5.5183 3.7315
5.5197 3.7348
5.5211 3.738
5.5225 3.7412
5.5239 3.7443
5.5253 3.7473
5.5267 3.7502
5.5282 3.7531
5.5296 3.7559
5.531 3.7586
5.5324 3.7611
5.5338 3.7636
5.5352 3.766
5.5366 3.7683
5.5381 3.7704
5.5395 3.7725
5.5409 3.7744
5.5423 3.7763
5.5437 3.778
5.5451 3.7796
5.5465 3.7812
5.548 3.7826
5.5494 3.784
5.5508 3.7852
5.5522 3.7865
5.5536 3.7876
5.555 3.7886
5.5564 3.7897
5.5579 3.7906
5.5593 3.7915
5.5607 3.7924
5.5621 3.7933
5.5635 3.7941
5.5649 3.795
5.5663 3.7958
5.5678 3.7966
5.5692 3.7975
5.5706 3.7983
5.572 3.7992
5.5734 3.8002
5.5748 3.8012
5.5762 3.8022
5.5777 3.8033
5.5791 3.8044
5.5805 3.8057
5.5819 3.807
5.5833 3.8083
5.5847 3.8098
5.5861 3.8114
5.5876 3.813
5.589 3.8148
5.5904 3.8166
5.5918 3.8186
5.5932 3.8207
5.5946 3.8228
5.596 3.8251
5.5975 3.8274
5.5989 3.8299
5.6003 3.8325
5.6017 3.8351
5.6031 3.8379
5.6045 3.8407
5.6059 3.8437
5.6074 3.8467
5.6088 3.8497
5.6102 3.8529
5.6116 3.8561
5.613 3.8594
5.6144 3.8627
5.6158 3.866
5.6173 3.8694
5.6187 3.8728
5.6201 3.8762
5.6215 3.8797
5.6229 3.8831
5.6243 3.8865
5.6257 3.89
5.6272 3.8934
5.6286 3.8968
5.63 3.9002
5.6314 3.9035
5.6328 3.9069
5.6342 3.9102
5.6356 3.9134
5.6371 3.9166
5.6385 3.9198
5.6399 3.9229
5.6413 3.926
5.6427 3.9291
5.6441 3.9321
5.6455 3.9351
5.647 3.938
5.6484 3.941
5.6498 3.9439
5.6512 3.9467
5.6526 3.9496
5.654 3.9525
5.6554 3.9553
5.6569 3.9582
5.6583 3.9611
5.6597 3.964
5.6611 3.9668
5.6625 3.9697
5.6639 3.9727
5.6653 3.9756
5.6668 3.9786
5.6682 3.9815
5.6696 3.9845
5.671 3.9875
5.6724 3.9905
5.6738 3.9935
5.6752 3.9966
5.6767 3.9996
5.6781 4.0025
5.6795 4.0055
5.6809 4.0084
5.6823 4.0113
5.6837 4.0141
5.6851 4.0168
5.6866 4.0194
5.688 4.022
5.6894 4.0244
5.6908 4.0267
5.6922 4.0288
5.6936 4.0308
5.695 4.0326
5.6965 4.0342
5.6979 4.0356
5.6993 4.0368
5.7007 4.0378
5.7021 4.0385
5.7035 4.0391
5.7049 4.0393
5.7064 4.0393
5.7078 4.0391
5.7092 4.0386
5.7106 4.0379
5.712 4.0368
5.7134 4.0356
5.7148 4.034
5.7163 4.0323
5.7177 4.0302
5.7191 4.0279
5.7205 4.0254
5.7219 4.0227
5.7233 4.0197
5.7247 4.0165
5.7262 4.0131
5.7276 4.0094
5.729 4.0056
5.7304 4.0016
5.7318 3.9974
5.7332 3.9931
5.7346 3.9886
5.7361 3.9839
5.7375 3.9791
5.7389 3.9742
5.7403 3.9691
5.7417 3.9639
5.7431 3.9586
5.7445 3.9531
5.7459 3.9476
5.7474 3.942
5.7488 3.9363
5.7502 3.9304
5.7516 3.9245
5.753 3.9186
5.7544 3.9125
5.7558 3.9064
5.7573 3.9002
5.7587 3.8939
5.7601 3.8875
5.7615 3.8811
5.7629 3.8747
5.7643 3.8681
5.7657 3.8615
5.7672 3.8549
5.7686 3.8482
5.77 3.8414
5.7714 3.8346
5.7728 3.8277
5.7742 3.8208
5.7756 3.8138
5.7771 3.8068
5.7785 3.7997
5.7799 3.7926
5.7813 3.7854
5.7827 3.7781
5.7841 3.7709
5.7855 3.7635
5.787 3.7562
5.7884 3.7487
5.7898 3.7413
5.7912 3.7337
5.7926 3.7262
5.794 3.7186
5.7954 3.7109
5.7969 3.7032
5.7983 3.6955
5.7997 3.6877
5.8011 3.6798
5.8025 3.6719
5.8039 3.664
5.8053 3.656
5.8068 3.648
5.8082 3.6399
5.8096 3.6318
5.811 3.6236
5.8124 3.6154
5.8138 3.6071
5.8152 3.5988
5.8167 3.5903
5.8181 3.5819
5.8195 3.5733
5.8209 3.5647
5.8223 3.556
5.8237 3.5473
5.8251 3.5384
5.8266 3.5295
5.828 3.5205
5.8294 3.5114
5.8308 3.5022
5.8322 3.4929
5.8336 3.4835
5.835 3.474
5.8365 3.4644
5.8379 3.4547
5.8393 3.4448
5.8407 3.4348
5.8421 3.4247
5.8435 3.4144
5.8449 3.404
5.8464 3.3935
5.8478 3.3828
5.8492 3.372
5.8506 3.361
5.852 3.3498
5.8534 3.3385
5.8548 3.327
5.8563 3.3154
5.8577 3.3036
5.8591 3.2916
5.8605 3.2794
5.8619 3.2671
5.8633 3.2545
5.8647 3.2418
5.8662 3.2288
5.8676 3.2157
5.869 3.2024
5.8704 3.1888
5.8718 3.1751
5.8732 3.1611
5.8746 3.1469
5.8761 3.1325
5.8775 3.1179
5.8789 3.103
5.8803 3.0878
5.8817 3.0725
5.8831 3.0569
5.8845 3.041
5.886 3.0249
5.8874 3.0085
5.8888 2.9919
5.8902 2.9751
5.8916 2.9579
5.893 2.9406
5.8944 2.923
5.8959 2.9052
5.8973 2.8871
5.8987 2.8688
5.9001 2.8503
5.9015 2.8316
5.9029 2.8127
5.9043 2.7936
5.9058 2.7743
5.9072 2.7548
5.9086 2.7352
5.91 2.7155
5.9114 2.6957
5.9128 2.6757
5.9142 2.6557
5.9157 2.6356
5.9171 2.6154
5.9185 2.5952
5.9199 2.5749
5.9213 2.5547
5.9227 2.5345
5.9241 2.5143
5.9256 2.4942
5.927 2.4741
5.9284 2.4542
5.9298 2.4343
5.9312 2.4145
5.9326 2.3948
5.934 2.3753
5.9355 2.356
5.9369 2.3367
5.9383 2.3177
5.9397 2.2988
5.9411 2.2802
5.9425 2.2617
5.9439 2.2435
5.9454 2.2255
5.9468 2.2077
5.9482 2.1901
5.9496 2.1728
5.951 2.1557
5.9524 2.1389
5.9538 2.1223
5.9553 2.1059
5.9567 2.0898
5.9581 2.0739
5.9595 2.0583
5.9609 2.0429
5.9623 2.0277
5.9637 2.0128
5.9652 1.9982
5.9666 1.9838
5.968 1.9696
5.9694 1.9556
5.9708 1.9419
5.9722 1.9284
5.9736 1.9151
5.9751 1.902
5.9765 1.8891
5.9779 1.8765
5.9793 1.864
5.9807 1.8517
5.9821 1.8396
5.9835 1.8277
5.985 1.816
5.9864 1.8045
5.9878 1.7931
5.9892 1.782
5.9906 1.771
5.992 1.7603
5.9934 1.7497
5.9949 1.7393
5.9963 1.7291
5.9977 1.7191
5.9991 1.7092
6.0005 1.6996
6.0019 1.6901
6.0033 1.6809
6.0048 1.6718
6.0062 1.6629
6.0076 1.6542
6.009 1.6456
6.0104 1.6373
6.0118 1.6291
6.0132 1.6211
6.0147 1.6133
6.0161 1.6056
6.0175 1.5981
6.0189 1.5908
6.0203 1.5836
6.0217 1.5766
6.0231 1.5697
6.0245 1.563
6.026 1.5565
6.0274 1.55
6.0288 1.5437
6.0302 1.5376
6.0316 1.5316
6.033 1.5257
6.0344 1.5199
6.0359 1.5142
6.0373 1.5087
6.0387 1.5032
6.0401 1.4979
6.0415 1.4927
6.0429 1.4876
6.0443 1.4826
6.0458 1.4777
6.0472 1.4729
6.0486 1.4682
6.05 1.4636
6.0514 1.4591
6.0528 1.4547
6.0542 1.4504
6.0557 1.4462
6.0571 1.4421
6.0585 1.4381
6.0599 1.4341
6.0613 1.4303
6.0627 1.4266
6.0641 1.4229
6.0656 1.4194
6.067 1.416
6.0684 1.4126
6.0698 1.4093
6.0712 1.4062
6.0726 1.4031
6.074 1.4001
6.0755 1.3972
6.0769 1.3943
6.0783 1.3916
6.0797 1.3889
6.0811 1.3863
6.0825 1.3838
6.0839 1.3813
6.0854 1.3789
6.0868 1.3766
6.0882 1.3743
6.0896 1.372
6.091 1.3698
6.0924 1.3676
6.0938 1.3654
6.0953 1.3633
6.0967 1.3612
6.0981 1.3591
6.0995 1.357
6.1009 1.3549
6.1023 1.3528
6.1037 1.3507
6.1052 1.3485
6.1066 1.3464
6.108 1.3442
6.1094 1.342
6.1108 1.3397
6.1122 1.3374
6.1136 1.3351
6.1151 1.3328
6.1165 1.3304
6.1179 1.3279
6.1193 1.3254
6.1207 1.3229
6.1221 1.3203
6.1235 1.3177
6.125 1.3151
6.1264 1.3124
6.1278 1.3097
6.1292 1.307
6.1306 1.3043
6.132 1.3015
6.1334 1.2988
6.1349 1.296
6.1363 1.2932
6.1377 1.2905
6.1391 1.2877
6.1405 1.285
6.1419 1.2823
6.1433 1.2796
6.1448 1.277
6.1462 1.2744
6.1476 1.2718
6.149 1.2693
6.1504 1.2668
6.1518 1.2643
6.1532 1.2619
6.1547 1.2596
6.1561 1.2573
6.1575 1.255
6.1589 1.2527
6.1603 1.2506
6.1617 1.2484
6.1631 1.2463
6.1646 1.2442
6.166 1.2421
6.1674 1.24
6.1688 1.238
6.1702 1.2359
6.1716 1.2339
6.173 1.2318
6.1745 1.2298
6.1759 1.2277
6.1773 1.2257
6.1787 1.2236
6.1801 1.2215
6.1815 1.2193
6.1829 1.2172
6.1844 1.215
6.1858 1.2128
6.1872 1.2105
6.1886 1.2083
6.19 1.206
6.1914 1.2037
6.1928 1.2014
6.1943 1.199
6.1957 1.1967
6.1971 1.1943
6.1985 1.192
6.1999 1.1897
6.2013 1.1874
6.2027 1.1851
6.2042 1.1828
6.2056 1.1806
6.207 1.1784
6.2084 1.1763
6.2098 1.1743
6.2112 1.1723
6.2126 1.1705
6.2141 1.1687
6.2155 1.167
6.2169 1.1654
6.2183 1.1639
6.2197 1.1626
6.2211 1.1613
6.2225 1.1602
6.224 1.1592
6.2254 1.1583
6.2268 1.1576
6.2282 1.157
6.2296 1.1565
6.231 1.1562
6.2324 1.156
6.2339 1.1559
6.2353 1.1559
6.2367 1.1561
6.2381 1.1564
6.2395 1.1568
6.2409 1.1572
6.2423 1.1578
6.2438 1.1585
6.2452 1.1592
6.2466 1.16
6.248 1.1609
6.2494 1.1618
6.2508 1.1628
6.2522 1.1638
6.2537 1.1648
6.2551 1.1658
6.2565 1.1669
6.2579 1.168
6.2593 1.169
6.2607 1.1701
6.2621 1.1711
6.2636 1.1721
6.265 1.173
6.2664 1.1739
6.2678 1.1748
6.2692 1.1756
6.2706 1.1764
6.272 1.1771
6.2735 1.1777
6.2749 1.1783
6.2763 1.1788
6.2777 1.1793
6.2791 1.1797
6.2805 1.18
6.2819 1.1802
6.2834 1.1804
6.2848 1.1806
6.2862 1.1807
6.2876 1.1807
6.289 1.1807
6.2904 1.1806
6.2918 1.1805
6.2933 1.1804
6.2947 1.1802
6.2961 1.18
6.2975 1.1798
6.2989 1.1795
6.3003 1.1793
6.3017 1.179
6.3031 1.1788
6.3046 1.1785
6.306 1.1783
6.3074 1.178
6.3088 1.1778
6.3102 1.1777
6.3116 1.1775
6.313 1.1774
6.3145 1.1773
6.3159 1.1773
6.3173 1.1773
6.3187 1.1774
6.3201 1.1776
6.3215 1.1777
6.3229 1.178
6.3244 1.1783
6.3258 1.1787
6.3272 1.1792
6.3286 1.1798
6.33 1.1804
6.3314 1.1811
6.3328 1.1819
6.3343 1.1828
6.3357 1.1837
6.3371 1.1848
6.3385 1.1859
6.3399 1.1872
6.3413 1.1885
6.3427 1.1899
6.3442 1.1914
6.3456 1.1931
6.347 1.1948
6.3484 1.1966
6.3498 1.1985
6.3512 1.2005
6.3526 1.2026
6.3541 1.2048
6.3555 1.2071
6.3569 1.2095
6.3583 1.212
6.3597 1.2146
6.3611 1.2173
6.3625 1.2201
6.364 1.223
6.3654 1.2259
6.3668 1.229
6.3682 1.2321
6.3696 1.2353
6.371 1.2386
6.3724 1.2419
6.3739 1.2453
6.3753 1.2488
6.3767 1.2523
6.3781 1.2559
6.3795 1.2595
6.3809 1.2632
6.3823 1.2669
6.3838 1.2706
6.3852 1.2743
6.3866 1.278
6.388 1.2817
6.3894 1.2853
6.3908 1.2889
6.3922 1.2924
6.3937 1.2959
6.3951 1.2992
6.3965 1.3024
6.3979 1.3059
6.3993 1.3093
6.4007 1.3123
6.4021 1.3151
6.4036 1.3176
6.405 1.3197
6.4064 1.3215
6.4078 1.323
6.4092 1.324
6.4106 1.3247
6.412 1.325
6.4135 1.3248
6.4149 1.3243
6.4163 1.3233
6.4177 1.322
6.4191 1.3203
6.4205 1.3184
6.4219 1.3161
6.4234 1.3136
6.4248 1.3109
6.4262 1.3081
6.4276 1.305
6.429 1.3018
6.4304 1.2985
6.4318 1.2952
6.4333 1.2917
6.4347 1.2883
6.4361 1.2847
6.4375 1.2812
6.4389 1.2777
6.4403 1.2742
6.4417 1.2706
6.4432 1.2671
6.4446 1.2636
6.446 1.2601
6.4474 1.2566
6.4488 1.2531
6.4502 1.2497
6.4516 1.2462
6.4531 1.2427
6.4545 1.2392
6.4559 1.2357
6.4573 1.2322
6.4587 1.2287
6.4601 1.2252
6.4615 1.2216
6.463 1.2181
6.4644 1.2145
6.4658 1.2109
6.4672 1.2072
6.4686 1.2036
6.47 1.2
6.4714 1.1963
6.4729 1.1926
6.4743 1.189
6.4757 1.1853
6.4771 1.1817
6.4785 1.1781
6.4799 1.1745
6.4813 1.171
6.4828 1.1675
6.4842 1.1641
6.4856 1.1608
6.487 1.1576
6.4884 1.1544
6.4898 1.1514
6.4912 1.1485
6.4927 1.1457
6.4941 1.1431
6.4955 1.1407
6.4969 1.1384
6.4983 1.1362
6.4997 1.1343
6.5011 1.1326
6.5026 1.131
6.504 1.1297
6.5054 1.1286
6.5068 1.1277
6.5082 1.127
6.5096 1.1266
6.511 1.1264
6.5125 1.1264
6.5139 1.1267
6.5153 1.1271
6.5167 1.1278
6.5181 1.1287
6.5195 1.1299
6.5209 1.1312
6.5224 1.1327
6.5238 1.1344
6.5252 1.1362
6.5266 1.1382
6.528 1.1403
6.5294 1.1425
6.5308 1.1449
6.5323 1.1473
6.5337 1.1497
6.5351 1.1522
6.5365 1.1548
6.5379 1.1573
6.5393 1.1599
6.5407 1.1624
6.5422 1.1648
6.5436 1.1672
6.545 1.1695
6.5464 1.1718
6.5478 1.1739
6.5492 1.1759
6.5506 1.1778
6.5521 1.1796
6.5535 1.1812
6.5549 1.1826
6.5563 1.184
6.5577 1.1851
6.5591 1.1861
6.5605 1.1869
6.562 1.1876
6.5634 1.1882
6.5648 1.1885
6.5662 1.1887
6.5676 1.1888
6.569 1.1888
6.5704 1.1886
6.5719 1.1883
6.5733 1.1879
6.5747 1.1874
6.5761 1.1868
6.5775 1.1862
6.5789 1.1855
6.5803 1.1847
6.5817 1.184
6.5832 1.1832
6.5846 1.1824
6.586 1.1816
6.5874 1.1808
6.5888 1.1801
6.5902 1.1794
6.5916 1.1789
6.5931 1.1783
6.5945 1.1779
6.5959 1.1776
6.5973 1.1774
6.5987 1.1774
6.6001 1.1775
6.6015 1.1777
6.603 1.1782
6.6044 1.1788
6.6058 1.1795
6.6072 1.1805
6.6086 1.1817
6.61 1.183
6.6114 1.1846
6.6129 1.1864
6.6143 1.1884
6.6157 1.1906
6.6171 1.1931
6.6185 1.1957
6.6199 1.1986
6.6213 1.2017
6.6228 1.205
6.6242 1.2086
6.6256 1.2123
6.627 1.2163
6.6284 1.2204
6.6298 1.2247
6.6312 1.2293
6.6327 1.2339
6.6341 1.2388
6.6355 1.2438
6.6369 1.249
6.6383 1.2543
6.6397 1.2597
6.6411 1.2652
6.6426 1.2709
6.644 1.2766
6.6454 1.2823
6.6468 1.2882
6.6482 1.294
6.6496 1.2999
6.651 1.3057
6.6525 1.3115
6.6539 1.3173
6.6553 1.3231
6.6567 1.3287
6.6581 1.3343
6.6595 1.3397
6.6609 1.345
6.6624 1.3502
6.6638 1.3552
6.6652 1.3601
6.6666 1.3648
6.668 1.3693
6.6694 1.3736
6.6708 1.3777
6.6723 1.3816
6.6737 1.3852
6.6751 1.3887
6.6765 1.392
6.6779 1.3951
6.6793 1.398
6.6807 1.4007
6.6822 1.4032
6.6836 1.4055
6.685 1.4077
6.6864 1.4098
6.6878 1.4117
6.6892 1.4134
6.6906 1.4151
6.6921 1.4166
6.6935 1.418
6.6949 1.4194
6.6963 1.4206
6.6977 1.4218
6.6991 1.4229
6.7005 1.4239
6.702 1.4248
6.7034 1.4257
6.7048 1.4265
6.7062 1.4272
6.7076 1.4279
6.709 1.4285
6.7104 1.4291
6.7119 1.4296
6.7133 1.43
6.7147 1.4303
6.7161 1.4306
6.7175 1.4308
6.7189 1.431
6.7203 1.431
6.7218 1.431
6.7232 1.4309
6.7246 1.4308
6.726 1.4305
6.7274 1.4301
6.7288 1.4297
6.7302 1.4292
6.7317 1.4286
6.7331 1.4279
6.7345 1.4271
6.7359 1.4263
6.7373 1.4254
6.7387 1.4244
6.7401 1.4234
6.7416 1.4223
6.743 1.4211
6.7444 1.4199
6.7458 1.4188
6.7472 1.4177
6.7486 1.4165
6.75 1.4153
6.7515 1.414
6.7529 1.4127
6.7543 1.4114
6.7557 1.41
6.7571 1.4086
6.7585 1.4072
6.7599 1.4057
6.7614 1.4043
6.7628 1.4027
6.7642 1.4012
6.7656 1.3999
6.767 1.3986
6.7684 1.3972
6.7698 1.3958
6.7713 1.3943
6.7727 1.3927
6.7741 1.391
6.7755 1.3893
6.7769 1.3874
6.7783 1.3855
6.7797 1.3834
6.7812 1.3813
6.7826 1.379
6.784 1.3766
6.7854 1.3742
6.7868 1.3716
6.7882 1.3689
6.7896 1.366
6.7911 1.3631
6.7925 1.3601
6.7939 1.357
6.7953 1.3538
6.7967 1.3505
6.7981 1.3472
6.7995 1.3437
6.801 1.3403
6.8024 1.3367
6.8038 1.3332
6.8052 1.3296
6.8066 1.3259
6.808 1.3223
6.8094 1.3186
6.8109 1.315
6.8123 1.3114
6.8137 1.3078
6.8151 1.3042
6.8165 1.3006
6.8179 1.2972
6.8193 1.2937
6.8208 1.2903
6.8222 1.287
6.8236 1.2838
6.825 1.2806
6.8264 1.2776
6.8278 1.2746
6.8292 1.2717
6.8307 1.2689
6.8321 1.2662
6.8335 1.2637
6.8349 1.2612
6.8363 1.2589
6.8377 1.2567
6.8391 1.2546
6.8406 1.2527
6.842 1.2508
6.8434 1.2491
6.8448 1.2475
6.8462 1.2461
6.8476 1.2447
6.849 1.2435
6.8505 1.2424
6.8519 1.2414
6.8533 1.2404
6.8547 1.2396
6.8561 1.2389
6.8575 1.2382
6.8589 1.2376
6.8603 1.237
6.8618 1.2365
6.8632 1.236
6.8646 1.2355
6.866 1.235
6.8674 1.2345
6.8688 1.234
6.8702 1.2334
6.8717 1.2328
6.8731 1.2322
6.8745 1.2314
6.8759 1.2306
6.8773 1.2296
6.8787 1.2286
6.8801 1.2275
6.8816 1.2262
6.883 1.2248
6.8844 1.2232
6.8858 1.2216
6.8872 1.2197
6.8886 1.2178
6.89 1.2157
6.8915 1.2134
6.8929 1.211
6.8943 1.2085
6.8957 1.2059
6.8971 1.2031
6.8985 1.2002
6.8999 1.1972
6.9014 1.1941
6.9028 1.1909
6.9042 1.1877
6.9056 1.1844
6.907 1.181
6.9084 1.1776
6.9098 1.1742
6.9113 1.1708
6.9127 1.1674
6.9141 1.1639
6.9155 1.1606
6.9169 1.1572
6.9183 1.1539
6.9197 1.1506
6.9212 1.1475
6.9226 1.1443
6.924 1.1413
6.9254 1.1383
6.9268 1.1355
6.9282 1.1327
6.9296 1.13
6.9311 1.1274
6.9325 1.1249
6.9339 1.1225
6.9353 1.1202
6.9367 1.118
6.9381 1.1159
6.9395 1.1138
6.941 1.1118
6.9424 1.1099
6.9438 1.1081
6.9452 1.1063
6.9466 1.1046
6.948 1.1029
6.9494 1.1012
6.9509 1.0996
6.9523 1.098
6.9537 1.0964
6.9551 1.0949
6.9565 1.0933
6.9579 1.0918
6.9593 1.0902
6.9608 1.0886
6.9622 1.087
6.9636 1.0854
6.965 1.0838
6.9664 1.0822
6.9678 1.0805
6.9692 1.0788
6.9707 1.0771
6.9721 1.0754
6.9735 1.0736
6.9749 1.0718
6.9763 1.07
6.9777 1.0682
6.9791 1.0663
6.9806 1.0645
6.982 1.0626
6.9834 1.0607
6.9848 1.0589
6.9862 1.057
6.9876 1.0552
6.989 1.0533
6.9905 1.0515
6.9919 1.0497
6.9933 1.048
6.9947 1.0462
6.9961 1.0446
6.9975 1.0429
6.9989 1.0413
7.0004 1.0398
7.0018 1.0383
7.0032 1.0369
7.0046 1.0356
7.006 1.0343
7.0074 1.0331
7.0088 1.032
7.0103 1.0309
7.0117 1.0299
7.0131 1.029
7.0145 1.0282
7.0159 1.0275
7.0173 1.0268
7.0187 1.0262
7.0202 1.0256
7.0216 1.0251
7.023 1.0247
7.0244 1.0244
7.0258 1.0241
7.0272 1.0238
7.0286 1.0236
7.0301 1.0234
7.0315 1.0232
7.0329 1.0231
7.0343 1.0229
7.0357 1.0228
7.0371 1.0227
7.0385 1.0226
7.04 1.0224
7.0414 1.0223
7.0428 1.0221
7.0442 1.0218
7.0456 1.0215
7.047 1.0212
7.0484 1.0207
7.0499 1.0203
7.0513 1.0197
7.0527 1.019
7.0541 1.0183
7.0555 1.0175
7.0569 1.0165
7.0583 1.0155
7.0598 1.0143
7.0612 1.013
7.0626 1.0116
7.064 1.0101
7.0654 1.0085
7.0668 1.0067
7.0682 1.0048
7.0697 1.0028
7.0711 1.0006
7.0725 0.99836
7.0739 0.99595
7.0753 0.99341
7.0767 0.99074
7.0781 0.98795
7.0796 0.98503
7.081 0.98199
7.0824 0.97883
7.0838 0.97555
7.0852 0.97216
7.0866 0.96865
7.088 0.96504
7.0895 0.96132
7.0909 0.9575
7.0923 0.95358
7.0937 0.94957
7.0951 0.94546
7.0965 0.94127
7.0979 0.93699
7.0994 0.93263
7.1008 0.9282
7.1022 0.92369
7.1036 0.91912
7.105 0.91447
7.1064 0.90977
7.1078 0.905
7.1093 0.90018
7.1107 0.89531
7.1121 0.89039
7.1135 0.88542
7.1149 0.88041
7.1163 0.87536
7.1177 0.87027
7.1192 0.86514
7.1206 0.85999
7.122 0.8548
7.1234 0.84959
7.1248 0.84435
7.1262 0.83909
7.1276 0.83381
7.1291 0.82851
7.1305 0.82319
7.1319 0.81786
7.1333 0.81251
7.1347 0.80715
7.1361 0.80178
7.1375 0.7964
7.139 0.791
7.1404 0.7856
7.1418 0.7802
7.1432 0.77479
7.1446 0.76937
7.146 0.76394
7.1474 0.75852
7.1488 0.75308
7.1503 0.74765
7.1517 0.74221
7.1531 0.73677
7.1545 0.73133
7.1559 0.72588
7.1573 0.72043
7.1587 0.71498
7.1602 0.70953
7.1616 0.70407
7.163 0.69861
7.1644 0.69315
7.1658 0.68769
7.1672 0.68223
7.1686 0.67676
7.1701 0.67129
7.1715 0.66581
7.1729 0.66033
7.1743 0.65484
7.1757 0.64935
7.1771 0.64385
7.1785 0.63833
7.18 0.63281
7.1814 0.62727
7.1828 0.62172
7.1842 0.61615
7.1856 0.61056
7.187 0.60494
7.1884 0.5993
7.1899 0.59363
7.1913 0.58793
7.1927 0.5822
7.1941 0.57643
7.1955 0.57063
7.1969 0.56479
7.1983 0.55892
7.1998 0.553
7.2012 0.54705
7.2026 0.54105
7.204 0.53502
7.2054 0.52894
7.2068 0.52283
7.2082 0.51666
7.2097 0.51045
7.2111 0.50418
7.2125 0.49785
7.2139 0.49147
7.2153 0.48503
7.2167 0.47852
7.2181 0.47197
7.2196 0.46535
7.221 0.45868
7.2224 0.45197
7.2238 0.44521
7.2252 0.43842
7.2266 0.43159
7.228 0.42475
7.2295 0.4179
7.2309 0.41105
7.2323 0.40421
7.2337 0.39737
7.2351 0.39057
7.2365 0.38379
7.2379 0.37705
7.2394 0.37035
7.2408 0.3637
7.2422 0.35711
7.2436 0.35058
7.245 0.34412
7.2464 0.33773
7.2478 0.33141
7.2493 0.32517
7.2507 0.319
7.2521 0.31291
7.2535 0.3069
7.2549 0.30097
7.2563 0.29511
7.2577 0.28932
7.2592 0.28362
7.2606 0.27799
7.262 0.27243
7.2634 0.26695
7.2648 0.26154
7.2662 0.2562
7.2676 0.25093
7.2691 0.24572
7.2705 0.24057
7.2719 0.23546
7.2733 0.23039
7.2747 0.22538
7.2761 0.22041
7.2775 0.21551
7.279 0.21066
7.2804 0.20589
7.2818 0.20118
7.2832 0.19654
7.2846 0.19198
7.286 0.1875
7.2874 0.18309
7.2889 0.17876
7.2903 0.17451
7.2917 0.17034
7.2931 0.16625
7.2945 0.16224
7.2959 0.1583
7.2973 0.15444
7.2988 0.15064
7.3002 0.14692
7.3016 0.14327
7.303 0.13969
7.3044 0.13617
7.3058 0.13272
7.3072 0.12933
7.3087 0.126
7.3101 0.12272
7.3115 0.11949
7.3129 0.11631
7.3143 0.11318
7.3157 0.11009
7.3171 0.10706
7.3186 0.10409
7.32 0.10117
7.3214 0.098309
7.3228 0.095505
7.3242 0.092758
7.3256 0.090067
7.327 0.087432
7.3285 0.084852
7.3299 0.082326
7.3313 0.079853
7.3327 0.077434
7.3341 0.075068
7.3355 0.072755
7.3369 0.070494
7.3384 0.068286
7.3398 0.066129
7.3412 0.064016
7.3426 0.061948
7.344 0.059927
7.3454 0.057954
7.3468 0.05603
7.3483 0.054149
7.3497 0.052312
7.3511 0.05052
7.3525 0.048774
7.3539 0.046975
7.3553 0.045147
7.3567 0.043375
7.3582 0.041665
7.3596 0.040021
7.361 0.038445
7.3624 0.036935
7.3638 0.035493
7.3652 0.034114
7.3666 0.032799
7.3681 0.031544
7.3695 0.030348
7.3709 0.029208
7.3723 0.028118
7.3737 0.027077
7.3751 0.025994
7.3765 0.024951
7.378 0.023947
7.3794 0.022981
7.3808 0.022053
7.3822 0.021163
7.3836 0.020309
7.385 0.01949
7.3864 0.018714
7.3879 0.01819
7.3893 0.018023
7.3907 0.0179
7.3921 0.017807
7.3935 0.017541
7.3949 0.017215
7.3963 0.016907
7.3978 0.016496
7.3992 0.016102
7.4006 0.015639
7.402 0.015108
7.4034 0.014495
7.4048 0.013925
7.4062 0.013394
7.4077 0.012904
7.4091 0.012451
7.4105 0.012032
7.4119 0.011987
7.4133 0.011945
7.4147 0.011906
7.4161 0.011874
7.4176 0.011848
7.419 0.011724
7.4204 0.011611
7.4218 0.011429
7.4232 0.011275
7.4246 0.011413
7.426 0.011798
7.4274 0.012087
7.4289 0.012262
7.4303 0.012416
7.4317 0.01255
7.4331 0.012664
7.4345 0.012757
7.4359 0.01283
7.4373 0.012882
7.4388 0.012915
7.4402 0.012826
7.4416 0.01272
7.443 0.012501
7.4444 0.012022
7.4458 0.011662
7.4472 0.011408
7.4487 0.011298
7.4501 0.011372
7.4515 0.011384
7.4529 0.011346
7.4543 0.011336
7.4557 0.01153
7.4571 0.011886
7.4586 0.012483
7.46 0.013056
7.4614 0.013568
7.4628 0.013792
7.4642 0.013785
7.4656 0.013753
7.467 0.013615
7.4685 0.013403
7.4699 0.013122
7.4713 0.01285
7.4727 0.012585
7.4741 0.012215
7.4755 0.011758
7.4769 0.011223
7.4784 0.010722
7.4798 0.010254
7.4812 0.010137
7.4826 0.010031
7.484 0.010023
7.4854 0.010179
7.4868 0.010154
7.4883 0.0099684
7.4897 0.0098709
7.4911 0.0099968
7.4925 0.010368
7.4939 0.010916
7.4953 0.011359
7.4967 0.011597
7.4982 0.011828
7.4996 0.012037
7.501 0.012101
7.5024 0.012314
7.5038 0.01234
7.5052 0.012206
7.5066 0.01206
7.5081 0.011902
7.5095 0.011567
7.5109 0.011072
7.5123 0.010528
7.5137 0.010205
7.5151 0.010074
7.5165 0.010007
7.518 0.010001
7.5194 0.010217
7.5208 0.010611
7.5222 0.011153
7.5236 0.01157
7.525 0.011959
7.5264 0.012326
7.5279 0.012511
7.5293 0.01262
7.5307 0.012609
7.5321 0.012481
7.5335 0.012137
7.5349 0.011709
7.5363 0.01152
7.5378 0.011591
7.5392 0.011893
7.5406 0.011997
7.542 0.012003
7.5434 0.011919
7.5448 0.011833
7.5462 0.011726
7.5477 0.011713
7.5491 0.011687
7.5505 0.011836
7.5519 0.011931
7.5533 0.012042
7.5547 0.011985
7.5561 0.011652
7.5576 0.01132
7.559 0.011194
7.5604 0.011328
7.5618 0.011263
7.5632 0.011116
7.5646 0.010815
7.566 0.010595
7.5675 0.01057
7.5689 0.010543
7.5703 0.010821
7.5717 0.011084
7.5731 0.01123
7.5745 0.011272
7.5759 0.011294
7.5774 0.011006
7.5788 0.01079
7.5802 0.010396
7.5816 0.0099513
7.583 0.0098713
7.5844 0.0098914
7.5858 0.010266
7.5873 0.010766
7.5887 0.011157
7.5901 0.011351
7.5915 0.01129
7.5929 0.01095
7.5943 0.010343
7.5957 0.0099802
7.5972 0.0099047
7.5986 0.010343
7.6 0.010953
7.6014 0.011493
7.6028 0.011797
7.6042 0.011967
7.6056 0.012099
7.6071 0.012206
7.6085 0.012281
7.6099 0.01216
7.6113 0.012217
7.6127 0.012197
7.6141 0.012086
7.6155 0.011747
7.617 0.011439
7.6184 0.011155
7.6198 0.010891
7.6212 0.01092
7.6226 0.011094
7.624 0.011007
7.6254 0.01075
7.6269 0.010344
7.6283 0.0098726
7.6297 0.0096704
7.6311 0.0099424
7.6325 0.010215
7.6339 0.010465
7.6353 0.010859
7.6368 0.011147
7.6382 0.011307
7.6396 0.011265
7.641 0.01097
7.6424 0.010537
7.6438 0.010393
7.6452 0.010229
7.6467 0.0099725
7.6481 0.009958
7.6495 0.010099
7.6509 0.010329
7.6523 0.010387
7.6537 0.010381
7.6551 0.010599
7.6566 0.010813
7.658 0.010942
7.6594 0.011224
7.6608 0.01165
7.6622 0.011982
7.6636 0.01219
7.665 0.012304
7.6665 0.012313
7.6679 0.012218
7.6693 0.011949
7.6707 0.011526
7.6721 0.011304
7.6735 0.011335
7.6749 0.011535
7.6764 0.011802
7.6778 0.012123
7.6792 0.012424
7.6806 0.012619
7.682 0.012929
7.6834 0.013335
7.6848 0.013749
7.6863 0.013892
7.6877 0.01374
7.6891 0.013427
7.6905 0.012946
7.6919 0.012402
7.6933 0.011782
7.6947 0.011128
7.6962 0.010407
7.6976 0.010003
7.699 0.0098651
7.7004 0.010316
7.7018 0.010921
7.7032 0.011292
7.7046 0.011271
7.706 0.010892
7.7075 0.010246
7.7089 0.0098334
7.7103 0.0098736
7.7117 0.010456
7.7131 0.011031
7.7145 0.011597
7.7159 0.012153
7.7174 0.0127
7.7188 0.013055
7.7202 0.013413
7.7216 0.013653
7.723 0.01358
7.7244 0.013512
7.7258 0.013448
7.7273 0.013387
7.7287 0.013321
7.7301 0.013249
7.7315 0.012969
7.7329 0.012606
7.7343 0.012176
7.7357 0.011767
7.7372 0.011377
7.7386 0.011007
7.74 0.010465
7.7414 0.0098592
7.7428 0.0095537
7.7442 0.009761
7.7456 0.010083
7.7471 0.010391
7.7485 0.01066
7.7499 0.010587
7.7513 0.010262
7.7527 0.010037
7.7541 0.0098807
7.7555 0.0098346
7.757 0.0099846
7.7584 0.010336
7.7598 0.010531
7.7612 0.010552
7.7626 0.010773
7.764 0.010991
7.7654 0.011021
7.7669 0.01088
7.7683 0.011007
7.7697 0.011378
7.7711 0.012007
7.7725 0.012644
7.7739 0.013194
7.7753 0.01366
7.7768 0.01413
7.7782 0.01459
7.7796 0.014824
7.781 0.014642
7.7824 0.014288
7.7838 0.013846
7.7852 0.013496
7.7867 0.013317
7.7881 0.01325
7.7895 0.013111
7.7909 0.012912
7.7923 0.012746
7.7937 0.012617
7.7951 0.012518
7.7966 0.012421
7.798 0.012636
7.7994 0.013006
7.8008 0.013287
7.8022 0.013564
7.8036 0.013772
7.805 0.013866
7.8065 0.013621
7.8079 0.013113
7.8093 0.012541
7.8107 0.011825
7.8121 0.011441
7.8135 0.010983
7.8149 0.010596
7.8164 0.010125
7.8178 0.0099414
7.8192 0.0098741
7.8206 0.010026
7.822 0.010306
7.8234 0.010649
7.8248 0.01104
7.8263 0.011142
7.8277 0.011148
7.8291 0.011072
7.8305 0.010924
7.8319 0.010669
7.8333 0.010588
7.8347 0.010751
7.8362 0.01063
7.8376 0.010623
7.839 0.010734
7.8404 0.010779
7.8418 0.010746
7.8432 0.010721
7.8446 0.010699
7.8461 0.010668
7.8475 0.010891
7.8489 0.011
7.8503 0.011016
7.8517 0.010924
7.8531 0.011101
7.8545 0.011453
7.856 0.011704
7.8574 0.011843
7.8588 0.011885
7.8602 0.011817
7.8616 0.011741
7.863 0.011577
7.8644 0.011218
7.8659 0.010681
7.8673 0.010491
7.8687 0.010317
7.8701 0.010153
7.8715 0.010296
7.8729 0.010428
7.8743 0.010551
7.8758 0.010659
7.8772 0.010641
7.8786 0.010816
7.88 0.010864
7.8814 0.010723
7.8828 0.010461
7.8842 0.010463
7.8857 0.010773
7.8871 0.011056
7.8885 0.011316
7.8899 0.011483
7.8913 0.011564
7.8927 0.011537
7.8941 0.011497
7.8956 0.011714
7.897 0.012096
7.8984 0.012383
7.8998 0.012459
7.9012 0.0124
7.9026 0.012259
7.904 0.012019
7.9055 0.011532
7.9069 0.010917
7.9083 0.010602
7.9097 0.01053
7.9111 0.010682
7.9125 0.011113
7.9139 0.011587
7.9154 0.012212
7.9168 0.012697
7.9182 0.013034
7.9196 0.013349
7.921 0.013567
7.9224 0.013641
7.9238 0.01371
7.9253 0.013775
7.9267 0.013837
7.9281 0.013894
7.9295 0.013949
7.9309 0.014001
7.9323 0.014047
7.9337 0.014088
7.9352 0.014122
7.9366 0.014045
7.938 0.013823
7.9394 0.013615
7.9408 0.013419
7.9422 0.013232
7.9436 0.012964
7.9451 0.012705
7.9465 0.012457
7.9479 0.012219
7.9493 0.011865
7.9507 0.011406
7.9521 0.011035
7.9535 0.010536
7.955 0.010104
7.9564 0.010004
7.9578 0.010172
7.9592 0.010582
7.9606 0.010946
7.962 0.011535
7.9634 0.012111
7.9649 0.012507
7.9663 0.012898
7.9677 0.013281
7.9691 0.013524
7.9705 0.013668
7.9719 0.01371
7.9733 0.013615
7.9748 0.01343
7.9762 0.013256
7.9776 0.013093
7.979 0.012753
7.9804 0.012283
7.9818 0.011653
7.9832 0.01105
7.9846 0.010474
7.9861 0.010468
7.9875 0.010484
7.9889 0.010824
7.9903 0.011464
7.9917 0.012418
7.9931 0.013345
7.9945 0.014276
7.996 0.015218
7.9974 0.016173
7.9988 0.017085
8.0002 0.017899
8.0016 0.018407
8.003 0.018523
8.0044 0.018621
8.0059 0.018704
8.0073 0.018771
8.0087 0.018817
8.0101 0.018761
8.0115 0.018558
8.0129 0.018353
8.0143 0.018147
8.0158 0.017938
8.0172 0.017726
8.0186 0.017509
8.02 0.017285
8.0214 0.017057
8.0228 0.016825
8.0242 0.016587
8.0257 0.016339
8.0271 0.016081
8.0285 0.015809
8.0299 0.015523
8.0313 0.01522
8.0327 0.014899
8.0341 0.014442
8.0356 0.013871
8.037 0.013477
8.0384 0.013084
8.0398 0.0127
8.0412 0.012205
8.0426 0.011726
8.044 0.011261
8.0455 0.010817
8.0469 0.010393
8.0483 0.010326
8.0497 0.01026
8.0511 0.010203
8.0525 0.011049
8.0539 0.01212
8.0554 0.013083
8.0568 0.013733
8.0582 0.014182
8.0596 0.014508
8.061 0.014826
8.0624 0.015122
8.0638 0.015406
8.0653 0.015679
8.0667 0.015936
8.0681 0.016471
8.0695 0.016982
8.0709 0.017468
8.0723 0.017929
8.0737 0.01825
8.0752 0.018423
8.0766 0.01845
8.078 0.018463
8.0794 0.018462
8.0808 0.018444
8.0822 0.018411
8.0836 0.018361
8.0851 0.018293
8.0865 0.018209
8.0879 0.018104
8.0893 0.017978
8.0907 0.017728
8.0921 0.017361
8.0935 0.01699
8.095 0.016614
8.0964 0.01623
8.0978 0.015657
8.0992 0.015359
8.1006 0.01503
8.102 0.014673
8.1034 0.014289
8.1049 0.013796
8.1063 0.013166
8.1077 0.012515
8.1091 0.011742
8.1105 0.010855
8.1119 0.0099558
8.1133 0.010713
8.1148 0.011825
8.1162 0.01293
8.1176 0.014028
8.119 0.015125
8.1204 0.016227
8.1218 0.017341
8.1232 0.018472
8.1247 0.019623
8.1261 0.020803
8.1275 0.022017
8.1289 0.023271
8.1303 0.024571
8.1317 0.025924
8.1331 0.027342
8.1346 0.028834
8.136 0.030414
8.1374 0.032096
8.1388 0.033893
8.1402 0.035817
8.1416 0.037885
8.143 0.040072
8.1445 0.042372
8.1459 0.044929
8.1473 0.047773
8.1487 0.050932
8.1501 0.054173
8.1515 0.057674
8.1529 0.061806
8.1544 0.066223
8.1558 0.071042
8.1572 0.076293
8.1586 0.082001
8.16 0.088187
8.1614 0.09487
8.1628 0.10206
8.1643 0.10978
8.1657 0.11803
8.1671 0.1266
8.1685 0.13549
8.1699 0.14489
8.1713 0.15479
8.1727 0.16517
8.1742 0.17601
8.1756 0.18726
8.177 0.19891
8.1784 0.21092
8.1798 0.22325
8.1812 0.23587
8.1826 0.24874
8.1841 0.26182
8.1855 0.27509
8.1869 0.28851
8.1883 0.30204
8.1897 0.31567
8.1911 0.32935
8.1925 0.34307
8.194 0.3568
8.1954 0.37053
8.1968 0.38423
8.1982 0.3979
8.1996 0.41152
8.201 0.42508
8.2024 0.43857
8.2039 0.45198
8.2053 0.46532
8.2067 0.47857
8.2081 0.49173
8.2095 0.50479
8.2109 0.51775
8.2123 0.5306
8.2138 0.54334
8.2152 0.55596
8.2166 0.56845
8.218 0.5808
8.2194 0.593
8.2208 0.60505
8.2222 0.61692
8.2237 0.6286
8.2251 0.64009
8.2265 0.65137
8.2279 0.66242
8.2293 0.67324
8.2307 0.68381
8.2321 0.69412
8.2336 0.70418
8.235 0.71397
8.2364 0.72349
8.2378 0.73274
8.2392 0.74172
8.2406 0.75045
8.242 0.75891
8.2435 0.76713
8.2449 0.77511
8.2463 0.78287
8.2477 0.79043
8.2491 0.79778
8.2505 0.80496
8.2519 0.81198
8.2534 0.81886
8.2548 0.8256
8.2562 0.83223
8.2576 0.83877
8.259 0.84522
8.2604 0.85161
8.2618 0.85794
8.2632 0.86423
8.2647 0.87049
8.2661 0.87673
8.2675 0.88296
8.2689 0.88919
8.2703 0.89542
8.2717 0.90166
8.2731 0.90792
8.2746 0.91421
8.276 0.92052
8.2774 0.92686
8.2788 0.93324
8.2802 0.93965
8.2816 0.94611
8.283 0.9526
8.2845 0.95914
8.2859 0.96573
8.2873 0.97235
8.2887 0.97902
8.2901 0.98574
8.2915 0.9925
8.2929 0.9993
8.2944 1.0061
8.2958 1.013
8.2972 1.0199
8.2986 1.0269
8.3 1.0339
8.3014 1.0409
8.3028 1.0479
8.3043 1.0549
8.3057 1.062
8.3071 1.069
8.3085 1.0761
8.3099 1.0831
8.3113 1.0902
8.3127 1.0972
8.3142 1.1042
8.3156 1.1111
8.317 1.1181
8.3184 1.1249
8.3198 1.1317
8.3212 1.1385
8.3226 1.1452
8.3241 1.1517
8.3255 1.1583
8.3269 1.1647
8.3283 1.171
8.3297 1.1772
8.3311 1.1834
8.3325 1.1894
8.334 1.1953
8.3354 1.201
8.3368 1.2067
8.3382 1.2122
8.3396 1.2176
8.341 1.2229
8.3424 1.228
8.3439 1.233
8.3453 1.2379
8.3467 1.2426
8.3481 1.2472
8.3495 1.2517
8.3509 1.2561
8.3523 1.2603
8.3538 1.2644
8.3552 1.2684
8.3566 1.2723
8.358 1.276
8.3594 1.2797
8.3608 1.2832
8.3622 1.2867
8.3637 1.29
8.3651 1.2933
8.3665 1.2965
8.3679 1.2996
8.3693 1.3026
8.3707 1.3055
8.3721 1.3084
8.3736 1.3112
8.375 1.314
8.3764 1.3167
8.3778 1.3194
8.3792 1.322
8.3806 1.3245
8.382 1.3271
8.3835 1.3296
8.3849 1.332
8.3863 1.3344
8.3877 1.3368
8.3891 1.3391
8.3905 1.3414
8.3919 1.3437
8.3934 1.346
8.3948 1.3482
8.3962 1.3504
8.3976 1.3525
8.399 1.3547
8.4004 1.3568
8.4018 1.3588
8.4033 1.3609
8.4047 1.3629
8.4061 1.3648
8.4075 1.3668
8.4089 1.3687
8.4103 1.3705
8.4117 1.3723
8.4132 1.3741
8.4146 1.3759
8.416 1.3776
8.4174 1.3792
8.4188 1.3808
8.4202 1.3824
8.4216 1.384
8.4231 1.3855
8.4245 1.3869
8.4259 1.3884
8.4273 1.3898
8.4287 1.3911
8.4301 1.3924
8.4315 1.3937
8.433 1.3949
8.4344 1.3961
8.4358 1.3973
8.4372 1.3984
8.4386 1.3995
8.44 1.4006
8.4414 1.4016
8.4429 1.4027
8.4443 1.4036
8.4457 1.4046
8.4471 1.4055
8.4485 1.4064
8.4499 1.4073
8.4513 1.4081
8.4528 1.4089
8.4542 1.4097
8.4556 1.4105
8.457 1.4112
8.4584 1.4119
8.4598 1.4126
8.4612 1.4133
8.4627 1.4139
8.4641 1.4145
8.4655 1.4151
8.4669 1.4156
8.4683 1.4161
8.4697 1.4166
8.4711 1.417
8.4726 1.4174
8.474 1.4178
8.4754 1.4181
8.4768 1.4184
8.4782 1.4186
8.4796 1.4188
8.481 1.419
8.4825 1.4191
8.4839 1.4192
8.4853 1.4193
8.4867 1.4193
8.4881 1.4193
8.4895 1.4192
8.4909 1.4191
8.4924 1.4189
8.4938 1.4187
8.4952 1.4185
8.4966 1.4182
8.498 1.4179
8.4994 1.4175
8.5008 1.4171
8.5023 1.4167
8.5037 1.4162
8.5051 1.4157
8.5065 1.4152
8.5079 1.4146
8.5093 1.414
8.5107 1.4134
8.5122 1.4127
8.5136 1.412
8.515 1.4113
8.5164 1.4105
8.5178 1.4098
8.5192 1.409
8.5206 1.4081
8.5221 1.4073
8.5235 1.4064
8.5249 1.4055
8.5263 1.4046
8.5277 1.4037
8.5291 1.4027
8.5305 1.4018
8.532 1.4008
8.5334 1.3998
8.5348 1.3987
8.5362 1.3977
8.5376 1.3967
8.539 1.3956
8.5404 1.3945
8.5418 1.3935
8.5433 1.3924
8.5447 1.3914
8.5461 1.3903
8.5475 1.3893
8.5489 1.3882
8.5503 1.3871
8.5517 1.386
8.5532 1.3849
8.5546 1.3838
8.556 1.3827
8.5574 1.3816
8.5588 1.3805
8.5602 1.3794
8.5616 1.3783
8.5631 1.3771
8.5645 1.376
8.5659 1.3749
8.5673 1.3738
8.5687 1.3727
8.5701 1.3716
8.5715 1.3705
8.573 1.3695
8.5744 1.3684
8.5758 1.3673
8.5772 1.3663
8.5786 1.3652
8.58 1.3642
8.5814 1.3632
8.5829 1.3622
8.5843 1.3612
8.5857 1.3602
8.5871 1.3592
8.5885 1.3582
8.5899 1.3572
8.5913 1.3562
8.5928 1.3552
8.5942 1.3543
8.5956 1.3533
8.597 1.3523
8.5984 1.3513
8.5998 1.3503
8.6012 1.3493
8.6027 1.3483
8.6041 1.3473
8.6055 1.3462
8.6069 1.3451
8.6083 1.344
8.6097 1.3429
8.6111 1.3417
8.6126 1.3405
8.614 1.3393
8.6154 1.338
8.6168 1.3367
8.6182 1.3353
8.6196 1.3339
8.621 1.3325
8.6225 1.3309
8.6239 1.3294
8.6253 1.3278
8.6267 1.3261
8.6281 1.3244
8.6295 1.3226
8.6309 1.3207
8.6324 1.3188
8.6338 1.3168
8.6352 1.3148
8.6366 1.3127
8.638 1.3106
8.6394 1.3083
8.6408 1.3061
8.6423 1.3037
8.6437 1.3013
8.6451 1.2989
8.6465 1.2964
8.6479 1.2938
8.6493 1.2912
8.6507 1.2885
8.6522 1.2858
8.6536 1.283
8.655 1.2802
8.6564 1.2774
8.6578 1.2744
8.6592 1.2715
8.6606 1.2685
8.6621 1.2654
8.6635 1.2623
8.6649 1.2592
8.6663 1.256
8.6677 1.2528
8.6691 1.2495
8.6705 1.2462
8.672 1.2429
8.6734 1.2395
8.6748 1.2361
8.6762 1.2326
8.6776 1.2292
8.679 1.2256
8.6804 1.2221
8.6819 1.2185
8.6833 1.2148
8.6847 1.2111
8.6861 1.2074
8.6875 1.2037
8.6889 1.1999
8.6903 1.196
8.6918 1.1922
8.6932 1.1883
8.6946 1.1843
8.696 1.1803
8.6974 1.1763
8.6988 1.1722
8.7002 1.1681
8.7017 1.164
8.7031 1.1598
8.7045 1.1556
8.7059 1.1513
8.7073 1.147
8.7087 1.1427
8.7101 1.1383
8.7116 1.1339
8.713 1.1294
8.7144 1.1249
8.7158 1.1204
8.7172 1.1159
8.7186 1.1113
8.72 1.1066
8.7215 1.102
8.7229 1.0973
8.7243 1.0926
8.7257 1.0878
8.7271 1.0831
8.7285 1.0783
8.7299 1.0734
8.7314 1.0686
8.7328 1.0637
8.7342 1.0588
8.7356 1.0539
8.737 1.0489
8.7384 1.044
8.7398 1.039
8.7413 1.034
8.7427 1.0289
8.7441 1.0239
8.7455 1.0188
8.7469 1.0138
8.7483 1.0087
8.7497 1.0036
8.7512 0.99843
8.7526 0.99329
8.754 0.98813
8.7554 0.98296
8.7568 0.97777
8.7582 0.97256
8.7596 0.96734
8.7611 0.9621
8.7625 0.95684
8.7639 0.95156
8.7653 0.94627
8.7667 0.94095
8.7681 0.93562
8.7695 0.93026
8.771 0.92488
8.7724 0.91948
8.7738 0.91405
8.7752 0.9086
8.7766 0.90313
8.778 0.89763
8.7794 0.8921
8.7809 0.88654
8.7823 0.88095
8.7837 0.87534
8.7851 0.86969
8.7865 0.86401
8.7879 0.8583
8.7893 0.85255
8.7908 0.84677
8.7922 0.84096
8.7936 0.83511
8.795 0.82923
8.7964 0.82331
8.7978 0.81735
8.7992 0.81135
8.8007 0.80532
8.8021 0.79925
8.8035 0.79314
8.8049 0.787
8.8063 0.78081
8.8077 0.77459
8.8091 0.76833
8.8106 0.76203
8.812 0.75569
8.8134 0.74931
8.8148 0.74289
8.8162 0.73644
8.8176 0.72994
8.819 0.72341
8.8204 0.71684
8.8219 0.71023
8.8233 0.70358
8.8247 0.6969
8.8261 0.69018
8.8275 0.68342
8.8289 0.67662
8.8303 0.66979
8.8318 0.66292
8.8332 0.65601
8.8346 0.64907
8.836 0.64209
8.8374 0.63508
8.8388 0.62803
8.8402 0.62094
8.8417 0.61383
8.8431 0.60668
8.8445 0.5995
8.8459 0.59228
8.8473 0.58504
8.8487 0.57777
8.8501 0.57047
8.8516 0.56314
8.853 0.55579
8.8544 0.54842
8.8558 0.54102
8.8572 0.5336
8.8586 0.52616
8.86 0.51871
8.8615 0.51123
8.8629 0.50375
8.8643 0.49625
8.8657 0.48874
8.8671 0.48122
8.8685 0.47369
8.8699 0.46615
8.8714 0.45862
8.8728 0.45108
8.8742 0.44353
8.8756 0.43599
8.877 0.42845
8.8784 0.42092
8.8798 0.41339
8.8813 0.40588
8.8827 0.39837
8.8841 0.39087
8.8855 0.38339
8.8869 0.37592
8.8883 0.36848
8.8897 0.36105
8.8912 0.35365
8.8926 0.34628
8.894 0.33893
8.8954 0.33161
8.8968 0.32433
8.8982 0.31707
8.8996 0.30986
8.9011 0.30269
8.9025 0.29556
8.9039 0.28847
8.9053 0.28143
8.9067 0.27445
8.9081 0.26752
8.9095 0.26064
8.911 0.25383
8.9124 0.24709
8.9138 0.24042
8.9152 0.23382
8.9166 0.2273
8.918 0.22087
8.9194 0.21452
8.9209 0.20826
8.9223 0.2021
8.9237 0.19603
8.9251 0.19006
8.9265 0.18419
8.9279 0.17842
8.9293 0.17275
8.9308 0.16719
8.9322 0.16174
8.9336 0.15639
8.935 0.15116
8.9364 0.14604
8.9378 0.14103
8.9392 0.13615
8.9407 0.13138
8.9421 0.12672
8.9435 0.12219
8.9449 0.11778
8.9463 0.11347
8.9477 0.10928
8.9491 0.1052
8.9506 0.10123
8.952 0.097373
8.9534 0.093624
8.9548 0.089987
8.9562 0.086462
8.9576 0.08305
8.959 0.079749
8.9605 0.076561
8.9619 0.073485
8.9633 0.070519
8.9647 0.067663
8.9661 0.064915
8.9675 0.062273
8.9689 0.059735
8.9704 0.057298
8.9718 0.054942
8.9732 0.052656
8.9746 0.050442
8.976 0.048306
8.9774 0.04625
8.9788 0.044274
8.9803 0.04238
8.9817 0.040569
8.9831 0.038839
8.9845 0.037189
8.9859 0.035618
8.9873 0.034122
8.9887 0.0327
8.9902 0.031347
8.9916 0.030053
8.993 0.028816
8.9944 0.027533
8.9958 0.026228
8.9972 0.024996
8.9986 0.023832
